-%-1MAPN  100    8 0.50000E-01  20
 1.00000E+00 0.00000E+00 0.00000E+00
 1.87973E+02 1.87121E+02 1.84745E+02 1.81218E+02 1.76911E+02 1.72124E+02
 1.67077E+02 1.61915E+02 1.56729E+02 1.51571E+02 1.46464E+02 1.41420E+02
 1.36439E+02 1.31518E+02 1.26657E+02 1.21851E+02 1.17102E+02 1.12410E+02
 1.07777E+02 1.03209E+02 9.87095E+01 9.42853E+01 8.99419E+01 8.56852E+01
 8.15206E+01 7.74535E+01 7.34883E+01 6.96291E+01 6.58795E+01 6.22421E+01
 5.87193E+01 5.53127E+01 5.20236E+01 4.88525E+01 4.57996E+01 4.28646E+01
 4.00467E+01 3.73450E+01 3.47580E+01 3.22841E+01 2.99213E+01 2.76675E+01
 2.55204E+01 2.34775E+01 2.15361E+01 1.96937E+01 1.79475E+01 1.62946E+01
 1.47322E+01 1.32574E+01 1.18674E+01 1.05594E+01 9.33057E+00 8.17804E+00
 7.09911E+00 6.09105E+00 5.15120E+00 4.27693E+00 3.46566E+00 2.71487E+00
 2.02209E+00 1.38487E+00 8.00833E-01 2.67645E-01-2.16990E-01-6.55319E-01
-1.04955E+00-1.40184E+00-1.71431E+00-1.98905E+00-2.22808E+00-2.43341E+00
-2.60698E+00-2.75071E+00-2.86646E+00-2.95605E+00-3.02125E+00-3.06379E+00
-3.08534E+00-3.08752E+00-3.07192E+00-3.04006E+00-2.99339E+00-2.93335E+00
-2.86129E+00-2.77851E+00-2.68628E+00-2.58578E+00-2.47816E+00-2.36451E+00
-2.24586E+00-2.12320E+00-1.99747E+00-1.86953E+00-1.74023E+00-1.61034E+00
-1.48060E+00-1.35170E+00-1.22426E+00-1.09889E+00 2.28361E+01 2.28993E+01
 2.30536E+01 2.32287E+01 2.33586E+01 2.33941E+01 2.33053E+01 2.30789E+01
 2.27134E+01 2.22161E+01 2.15995E+01 2.08787E+01 2.00704E+01 1.91908E+01
 1.82558E+01 1.72800E+01 1.62771E+01 1.52589E+01 1.42365E+01 1.32191E+01
 1.22152E+01 1.12317E+01 1.02747E+01 9.34928E+00 8.45952E+00 7.60874E+00
 6.79949E+00 6.03365E+00 5.31248E+00 4.63671E+00 4.00658E+00 3.42194E+00
 2.88226E+00 2.38671E+00 1.93421E+00 1.52344E+00 1.15290E+00 8.20936E-01
 5.25774E-01 2.65539E-01 3.82868E-02-1.57978E-01-3.25283E-01-4.65664E-01
-5.81156E-01-6.73772E-01-7.45494E-01-7.98258E-01-8.33949E-01-8.54385E-01
-8.61318E-01-8.56421E-01-8.41287E-01-8.17424E-01-7.86252E-01-7.49101E-01
-7.07210E-01-6.61729E-01-6.13713E-01-5.64128E-01-5.13852E-01-4.63670E-01
-4.14286E-01-3.66316E-01-3.20295E-01-2.76680E-01-2.35850E-01-1.98112E-01
-1.63703E-01-1.32792E-01-1.05488E-01-8.18398E-02-6.18411E-02-4.54355E-02
-3.25199E-02-2.29491E-02-1.65402E-02-1.30770E-02-1.23146E-02-1.39842E-02
-1.77977E-02-2.34521E-02-3.06349E-02-3.90282E-02-4.83134E-02-5.81764E-02
-6.83113E-02-7.84253E-02-8.82424E-02-9.75076E-02-1.05990E-01-1.13486E-01
-1.19821E-01-1.24853E-01-1.28474E-01-1.30607E-01-1.31211E-01-1.30278E-01
-1.27831E-01-1.23923E-01 1.76589E+01 1.74856E+01 1.70029E+01 1.62871E+01
 1.54151E+01 1.44507E+01 1.34415E+01 1.24203E+01 1.14087E+01 1.04201E+01
 9.46233E+00 8.53964E+00 7.65444E+00 6.80802E+00 6.00117E+00 5.23454E+00
 4.50875E+00 3.82446E+00 3.18237E+00 2.58314E+00 2.02733E+00 1.51531E+00
 1.04722E+00 6.22907E-01 2.41894E-01-9.66123E-02-3.93724E-01-6.50853E-01
-8.69681E-01-1.05213E+00-1.20031E+00-1.31650E+00-1.40310E+00-1.46256E+00
-1.49741E+00-1.51015E+00-1.50328E+00-1.47923E+00-1.44037E+00-1.38897E+00
-1.32717E+00-1.25702E+00-1.18040E+00-1.09907E+00-1.01464E+00-9.28562E-01
-8.42162E-01-7.56602E-01-6.72911E-01-5.91976E-01-5.14555E-01-4.41278E-01
-3.72657E-01-3.09088E-01-2.50867E-01-1.98187E-01-1.51153E-01-1.09787E-01
-7.40347E-02-4.37726E-02-1.88173E-02 1.06886E-03 1.61705E-02 2.68124E-02
 3.33520E-02 3.61738E-02 3.56818E-02 3.22936E-02 2.64342E-02 1.85298E-02
 9.00204E-03-1.73727E-03-1.32915E-02-2.52838E-02-3.73614E-02-4.91997E-02
-6.05050E-02-7.10176E-02-8.05136E-02-8.88065E-02-9.57478E-02-1.01227E-01
-1.05171E-01-1.07543E-01-1.08341E-01-1.07594E-01-1.05362E-01-1.01729E-01
-9.68044E-02-9.07142E-02-8.36009E-02-7.56182E-02-6.69278E-02-5.76956E-02
-4.80883E-02-3.82704E-02-2.84016E-02-1.86337E-02-9.10925E-03 4.09113E-05
 1.29669E+01 1.27059E+01 1.19923E+01 1.09668E+01 9.76873E+00 8.50944E+00
 7.26743E+00 6.09216E+00 5.01103E+00 4.03577E+00 3.16793E+00 2.40308E+00
 1.73378E+00 1.15144E+00 6.47456E-01 2.13844E-01-1.56502E-01-4.69729E-01
-7.31085E-01-9.45054E-01-1.11552E+00-1.24593E+00-1.33942E+00-1.39894E+00
-1.42736E+00-1.42750E+00-1.40219E+00-1.35425E+00-1.28655E+00-1.20194E+00
-1.10328E+00-9.93336E-01-8.74839E-01-7.50386E-01-6.22437E-01-4.93286E-01
-3.65034E-01-2.39572E-01-1.18572E-01-3.47425E-03 1.04512E-01 2.04407E-01
 2.95458E-01 3.77123E-01 4.49067E-01 5.11142E-01 5.63372E-01 6.05939E-01
 6.39162E-01 6.63479E-01 6.79430E-01 6.87639E-01 6.88792E-01 6.83626E-01
 6.72909E-01 6.57424E-01 6.37957E-01 6.15279E-01 5.90139E-01 5.63250E-01
 5.35280E-01 5.06846E-01 4.78503E-01 4.50745E-01 4.23995E-01 3.98610E-01
 3.74875E-01 3.53009E-01 3.33160E-01 3.15419E-01 2.99813E-01 2.86320E-01
 2.74869E-01 2.65350E-01 2.57617E-01 2.51500E-01 2.46809E-01 2.43338E-01
 2.40878E-01 2.39217E-01 2.38148E-01 2.37474E-01 2.37007E-01 2.36579E-01
 2.36037E-01 2.35250E-01 2.34105E-01 2.32513E-01 2.30405E-01 2.27731E-01
 2.24462E-01 2.20587E-01 2.16112E-01 2.11059E-01 2.05462E-01 1.99369E-01
 1.92836E-01 1.85931E-01 1.78726E-01 1.71297E-01-1.82575E+01-1.77451E+01
-1.63614E+01-1.44160E+01-1.22089E+01-9.97345E+00-7.86586E+00-5.97649E+00
-4.34658E+00-2.98379E+00-1.87494E+00-9.95540E-01-3.16341E-01 1.92614E-01
 5.59655E-01 8.10322E-01 9.66925E-01 1.04854E+00 1.07123E+00 1.04838E+00
 9.91065E-01 9.08379E-01 8.07751E-01 6.95217E-01 5.75657E-01 4.52991E-01
 3.30346E-01 2.10197E-01 9.44759E-02-1.53312E-02-1.18109E-01-2.13050E-01
-2.99599E-01-3.77409E-01-4.46305E-01-5.06253E-01-5.57331E-01-5.99709E-01
-6.33631E-01-6.59404E-01-6.77385E-01-6.87975E-01-6.91613E-01-6.88771E-01
-6.79951E-01-6.65680E-01-6.46508E-01-6.23001E-01-5.95742E-01-5.65316E-01
-5.32313E-01-4.97315E-01-4.60894E-01-4.23600E-01-3.85958E-01-3.48458E-01
-3.11554E-01-2.75653E-01-2.41113E-01-2.08242E-01-1.77290E-01-1.48455E-01
-1.21875E-01-9.76353E-02-7.57677E-02-5.62539E-02-3.90303E-02-2.39921E-02
-1.09995E-02 1.16715E-04 9.54813E-03 1.75023E-02 2.41958E-02 2.98475E-02
 3.46724E-02 3.88750E-02 4.26447E-02 4.61505E-02 4.95372E-02 5.29228E-02
 5.63959E-02 6.00155E-02 6.38105E-02 6.77811E-02 7.19008E-02 7.61196E-02
 8.03675E-02 8.45589E-02 8.85976E-02 9.23818E-02 9.58094E-02 9.87828E-02
 1.01214E-01 1.03029E-01 1.04170E-01 1.04601E-01 1.04306E-01 1.03293E-01
 1.01590E-01 9.92491E-02 3.02224E+00 2.89076E+00 2.53958E+00 2.05592E+00
 1.52391E+00 1.00801E+00 5.50022E-01 1.72131E-01-1.18161E-01-3.23354E-01
-4.52049E-01-5.15950E-01-5.27776E-01-4.99910E-01-4.43609E-01-3.68615E-01
-2.83026E-01-1.93336E-01-1.04569E-01-2.04523E-02 5.63878E-02 1.24241E-01
 1.82138E-01 2.29687E-01 2.66938E-01 2.94262E-01 3.12250E-01 3.21639E-01
 3.23246E-01 3.17931E-01 3.06564E-01 2.90004E-01 2.69093E-01 2.44644E-01
 2.17440E-01 1.88232E-01 1.57735E-01 1.26628E-01 9.55499E-02 6.50925E-02
 3.57995E-02 8.15929E-03-1.73995E-02-4.05126E-02-6.08834E-02-7.82863E-02
-9.25675E-02-1.03645E-01-1.11508E-01-1.16212E-01-1.17877E-01-1.16681E-01
-1.12851E-01-1.06660E-01-9.84128E-02-8.84430E-02-7.70992E-02-6.47379E-02
-5.17135E-02-3.83703E-02-2.50339E-02-1.20044E-02 4.49674E-04 1.20964E-02
 2.27440E-02 3.22432E-02 4.04881E-02 4.74157E-02 5.30047E-02 5.72722E-02
 6.02706E-02 6.20827E-02 6.28170E-02 6.26020E-02 6.15803E-02 5.99033E-02
 5.77254E-02 5.51983E-02 5.24667E-02 4.96638E-02 4.69074E-02 4.42969E-02
 4.19116E-02 3.98086E-02 3.80230E-02 3.65673E-02 3.54333E-02 3.45934E-02
 3.40032E-02 3.36048E-02 3.33304E-02 3.31063E-02 3.28571E-02 3.25101E-02
 3.19992E-02 3.12684E-02 3.02756E-02 2.89944E-02 2.74155E-02 2.55477E-02
-8.16195E+00-7.89657E+00-7.18583E+00-6.20119E+00-5.10651E+00-4.02585E+00
-3.03877E+00-2.18728E+00-1.48628E+00-9.32962E-01-5.14199E-01-2.11931E-01
-6.65597E-03 1.20467E-01 1.86511E-01 2.06327E-01 1.92489E-01 1.55436E-01
 1.03702E-01 4.41522E-02-1.77937E-02-7.79589E-02-1.33231E-01-1.81404E-01
-2.21031E-01-2.51305E-01-2.71942E-01-2.83088E-01-2.85229E-01-2.79119E-01
-2.65708E-01-2.46081E-01-2.21404E-01-1.92876E-01-1.61683E-01-1.28965E-01
-9.57825E-02-6.30985E-02-3.17562E-02-2.46973E-03 2.41825E-02 4.77594E-02
 6.79541E-02 8.45879E-02 9.76004E-02 1.07038E-01 1.13041E-01 1.15827E-01
 1.15677E-01 1.12918E-01 1.07910E-01 1.01030E-01 9.26581E-02 8.31674E-02
 7.29120E-02 6.22198E-02 5.13856E-02 4.06669E-02 3.02811E-02 2.04052E-02
 1.11763E-02 2.69399E-03-4.97630E-03-1.17992E-02-1.77647E-02-2.28829E-02
-2.71794E-02-3.06902E-02-3.34581E-02-3.55286E-02-3.69472E-02-3.77581E-02
-3.80021E-02-3.77175E-02-3.69395E-02-3.57018E-02-3.40378E-02-3.19822E-02
-2.95723E-02-2.68501E-02-2.38626E-02-2.06630E-02-1.73102E-02-1.38688E-02
-1.04078E-02-6.99852E-03-3.71307E-03-6.21478E-04 2.21076E-03 4.72539E-03
 6.87378E-03 8.61916E-03 9.93820E-03 1.08221E-02 1.12772E-02 1.13243E-02
 1.09981E-02 1.03454E-02 9.42271E-03 8.29391E-03-8.21026E+00-7.91299E+00
-7.12237E+00-6.04057E+00-4.85873E+00-3.71852E+00-2.70717E+00-1.86653E+00
-1.20630E+00-7.15860E-01-3.73567E-01-1.53234E-01-2.83157E-02 2.56508E-02
 2.98465E-02 1.78776E-03-4.45696E-02-9.84848E-02-1.52004E-01-1.99535E-01
-2.37446E-01-2.63710E-01-2.77576E-01-2.79280E-01-2.69789E-01-2.50576E-01
-2.23436E-01-1.90321E-01-1.53222E-01-1.14057E-01-7.46039E-02-3.64338E-02
-8.78579E-04 3.09938E-02 5.83867E-02 8.07709E-02 9.78710E-02 1.09643E-01
 1.16248E-01 1.18018E-01 1.15425E-01 1.09043E-01 9.95177E-02 8.75285E-02
 7.37633E-02 5.88898E-02 4.35335E-02 2.82601E-02 1.35621E-02-1.49410E-04
-1.25489E-02-2.33965E-02-3.25339E-02-3.98784E-02-4.54138E-02-4.91806E-02
-5.12653E-02-5.17895E-02-5.08999E-02-4.87595E-02-4.55393E-02-4.14129E-02
-3.65512E-02-3.11198E-02-2.52771E-02-1.91732E-02-1.29500E-02-6.74122E-03
-6.73022E-04 5.13630E-03 1.05764E-02 1.55458E-02 1.99528E-02 2.37177E-02
 2.67743E-02 2.90724E-02 3.05793E-02 3.12817E-02 3.11870E-02 3.03230E-02
 2.87383E-02 2.65001E-02 2.36928E-02 2.04145E-02 1.67733E-02 1.28839E-02
 8.86271E-03 4.82401E-03 8.75699E-04-2.88408E-03-6.36992E-03-9.51136E-03
-1.22542E-02-1.45613E-02-1.64120E-02-1.78015E-02-1.87395E-02-1.92477E-02
-1.93581E-02-1.91102E-02
  39 Y   4.177028846656E-01  1.902349930162E+00 -1.124084458734E-01
  39 Y   2.427297010891E+00 -1.902349930162E+00  2.555091456199E+00
  39 Y  -2.427297010891E+00  1.902349930162E+00 -2.555091456199E+00
  39 Y  -4.177028846656E-01 -1.902349930162E+00  1.124084458734E-01
  22 TI  2.844999895557E+00  0.000000000000E+00  0.000000000000E+00
  22 TI  1.263433755641E-15  0.000000000000E+00  2.667499902073E+00
  22 TI  0.000000000000E+00  3.804699860325E+00  2.667499902073E+00
  22 TI  2.844999895557E+00  3.804699860325E+00  0.000000000000E+00
   8 O   2.593217404800E+00  1.902349930162E+00  6.450014763210E-01
   8 O   2.517824907568E-01 -1.902349930162E+00 -2.022498425751E+00
   8 O  -2.517824907568E-01  1.902349930162E+00  2.022498425751E+00
   8 O  -2.593217404800E+00 -1.902349930162E+00 -6.450014763210E-01
   8 O   1.760542835368E+00  4.431714397306E-01 -1.652356139340E+00
   8 O   1.084457060188E+00 -4.431714397306E-01  1.015143762733E+00
   8 O  -1.084457060188E+00  3.361528420594E+00 -1.015143762733E+00
   8 O  -1.760542835368E+00 -3.361528420594E+00  1.652356139340E+00
   8 O  -1.760542835368E+00 -4.431714397306E-01  1.652356139340E+00
   8 O  -1.084457060188E+00  4.431714397306E-01 -1.015143762733E+00
   8 O   1.084457060188E+00 -3.361528420594E+00  1.015143762733E+00
   8 O   1.760542835368E+00  3.361528420594E+00 -1.652356139340E+00
  0.568999979111E+01  0.000000000000E+00  0.000000000000E+00
  0.000000000000E+00  0.760939972041E+01  0.000000000000E+00
  0.000000000000E+00  0.000000000000E+00  0.533499980390E+01
-%-1MAPN  100    8 0.50000E-01  20
 1.00000E+00 0.00000E+00 0.00000E+00
 4.00058E+00 3.98431E+00 3.93615E+00 3.85801E+00 3.75280E+00 3.62412E+00
 3.47594E+00 3.31230E+00 3.13716E+00 2.95422E+00 2.76684E+00 2.57800E+00
 2.39026E+00 2.20572E+00 2.02611E+00 1.85277E+00 1.68673E+00 1.52872E+00
 1.37922E+00 1.23853E+00 1.10677E+00 9.83908E-01 8.69781E-01 7.64145E-01
 6.66675E-01 5.76996E-01 4.94700E-01 4.19364E-01 3.50566E-01 2.87893E-01
 2.30955E-01 1.79382E-01 1.32832E-01 9.09889E-02 5.35637E-02 2.02885E-02
-9.08376E-03-3.47834E-02-5.70265E-02-7.60177E-02-9.19523E-02-1.05018E-01
-1.15396E-01-1.23261E-01-1.28785E-01-1.32134E-01-1.33469E-01-1.32949E-01
-1.30727E-01-1.26952E-01-1.21770E-01-1.15324E-01-1.07749E-01-9.91818E-02
-8.97507E-02-7.95826E-02-6.87997E-02-5.75204E-02-4.58591E-02-3.39257E-02
-2.18255E-02-9.65918E-03 2.47808E-03 1.44965E-02 2.63121E-02 3.78474E-02
 4.90313E-02 5.97996E-02 7.00954E-02 7.98688E-02 8.90773E-02 9.76860E-02
 1.05667E-01 1.12999E-01 1.19669E-01 1.25669E-01 1.30998E-01 1.35660E-01
 1.39664E-01 1.43023E-01 1.45756E-01 1.47882E-01 1.49426E-01 1.50412E-01
 1.50867E-01 1.50820E-01 1.50299E-01 1.49333E-01 1.47949E-01 1.46176E-01
 1.44040E-01 1.41568E-01 1.38784E-01 1.35711E-01 1.32371E-01 1.28787E-01
 1.24976E-01 1.20958E-01 1.16749E-01 1.12365E-01 2.13696E+00 2.12359E+00
 2.08408E+00 2.02024E+00 1.93481E+00 1.83115E+00 1.71293E+00 1.58389E+00
 1.44763E+00 1.30747E+00 1.16640E+00 1.02700E+00 8.91423E-01 7.61422E-01
 6.38339E-01 5.23159E-01 4.16557E-01 3.18939E-01 2.30491E-01 1.51213E-01
 8.09513E-02 1.94255E-02-3.37438E-02-7.90135E-02-1.16896E-01-1.47938E-01
-1.72706E-01-1.91766E-01-2.05675E-01-2.14969E-01-2.20160E-01-2.21724E-01
-2.20109E-01-2.15726E-01-2.08953E-01-2.00139E-01-1.89603E-01-1.77639E-01
-1.64515E-01-1.50477E-01-1.35754E-01-1.20552E-01-1.05062E-01-8.94581E-02
-7.38981E-02-5.85248E-02-4.34666E-02-2.88374E-02-1.47374E-02-1.25382E-03
 1.15393E-02 2.35800E-02 3.48183E-02 4.52153E-02 5.47428E-02 6.33825E-02
 7.11254E-02 7.79713E-02 8.39274E-02 8.90083E-02 9.32346E-02 9.66325E-02
 9.92326E-02 1.01070E-01 1.02181E-01 1.02608E-01 1.02390E-01 1.01571E-01
 1.00194E-01 9.83020E-02 9.59364E-02 9.31387E-02 8.99487E-02 8.64047E-02
 8.25430E-02 7.83982E-02 7.40028E-02 6.93874E-02 6.45808E-02 5.96098E-02
 5.44998E-02 4.92745E-02 4.39564E-02 3.85668E-02 3.31262E-02 2.76543E-02
 2.21702E-02 1.66928E-02 1.12406E-02 5.83217E-03 4.85960E-04-4.77946E-03
-9.94539E-03-1.49930E-02-1.99035E-02-2.46578E-02-2.92371E-02-3.36226E-02
-3.77958E-02-4.17387E-02 4.45585E-01 4.36203E-01 4.08638E-01 3.64539E-01
 3.06403E-01 2.37267E-01 1.60405E-01 7.90682E-02-3.69244E-03-8.51466E-02
-1.62952E-01-2.35190E-01-3.00375E-01-3.57443E-01-4.05715E-01-4.44855E-01
-4.74814E-01-4.95774E-01-5.08103E-01-5.12311E-01-5.09014E-01-4.98899E-01
-4.82705E-01-4.61191E-01-4.35126E-01-4.05265E-01-3.72339E-01-3.37047E-01
-3.00042E-01-2.61932E-01-2.23272E-01-1.84567E-01-1.46264E-01-1.08762E-01
-7.24048E-02-3.74880E-02-4.25977E-03 2.70766E-02 5.63596E-02 8.34673E-02
 1.08313E-01 1.30845E-01 1.51040E-01 1.68902E-01 1.84459E-01 1.97763E-01
 2.08882E-01 2.17899E-01 2.24914E-01 2.30037E-01 2.33385E-01 2.35085E-01
 2.35269E-01 2.34073E-01 2.31634E-01 2.28092E-01 2.23585E-01 2.18253E-01
 2.12230E-01 2.05649E-01 1.98635E-01 1.91313E-01 1.83797E-01 1.76196E-01
 1.68612E-01 1.61137E-01 1.53855E-01 1.46840E-01 1.40158E-01 1.33864E-01
 1.28003E-01 1.22613E-01 1.17719E-01 1.13339E-01 1.09482E-01 1.06149E-01
 1.03331E-01 1.01017E-01 9.91846E-02 9.78087E-02 9.68588E-02 9.63001E-02
 9.60949E-02 9.62026E-02 9.65811E-02 9.71870E-02 9.79763E-02 9.89054E-02
 9.99310E-02 1.01011E-01 1.02106E-01 1.03176E-01 1.04185E-01 1.05101E-01
 1.05893E-01 1.06532E-01 1.06994E-01 1.07259E-01 1.07308E-01 1.07127E-01
 1.04634E-01 9.88296E-02 8.19260E-02 5.53671E-02 2.13127E-02-1.76574E-02
-5.88380E-02-9.96398E-02-1.37755E-01-1.71255E-01-1.98638E-01-2.18840E-01
-2.31226E-01-2.35555E-01-2.31937E-01-2.20770E-01-2.02679E-01-1.78454E-01
-1.48996E-01-1.15265E-01-7.82433E-02-3.88991E-02 1.83796E-03 4.30964E-02
 8.40773E-02 1.24063E-01 1.62421E-01 1.98608E-01 2.32165E-01 2.62717E-01
 2.89972E-01 3.13711E-01 3.33789E-01 3.50130E-01 3.62720E-01 3.71603E-01
 3.76876E-01 3.78685E-01 3.77218E-01 3.72698E-01 3.65379E-01 3.55540E-01
 3.43475E-01 3.29492E-01 3.13903E-01 2.97019E-01 2.79149E-01 2.60588E-01
 2.41619E-01 2.22508E-01 2.03498E-01 1.84811E-01 1.66644E-01 1.49167E-01
 1.32525E-01 1.16835E-01 1.02189E-01 8.86510E-02 7.62632E-02 6.50433E-02
 5.49879E-02 4.60743E-02 3.82625E-02 3.14973E-02 2.57114E-02 2.08268E-02
 1.67581E-02 1.34142E-02 1.07012E-02 8.52369E-03 6.78758E-03 5.40122E-03
 4.27720E-03 3.33365E-03 2.49529E-03 1.69428E-03 8.70881E-04-2.61613E-05
-1.03940E-03-2.20264E-03-3.54110E-03-5.07163E-03-6.80315E-03-8.73714E-03
-1.08682E-02-1.31846E-02-1.56692E-02-1.83000E-02-2.10507E-02-2.38920E-02
-2.67917E-02-2.97161E-02-3.26301E-02-3.54983E-02-3.82858E-02-4.09583E-02
-4.34833E-02-4.58304E-02-4.79716E-02-4.98820E-02 1.97300E-02 1.66506E-02
 7.82902E-03-5.56386E-03-2.18108E-02-3.89216E-02-5.49017E-02-6.79657E-02
-7.66725E-02-7.99913E-02-7.73155E-02-6.84452E-02-5.35486E-02-3.31098E-02
-7.86566E-03 2.12621E-02 5.32348E-02 8.69610E-02 1.21352E-01 1.55371E-01
 1.88067E-01 2.18604E-01 2.46279E-01 2.70532E-01 2.90942E-01 3.07229E-01
 3.19240E-01 3.26936E-01 3.30379E-01 3.29715E-01 3.25164E-01 3.17002E-01
 3.05555E-01 2.91181E-01 2.74265E-01 2.55208E-01 2.34420E-01 2.12312E-01
 1.89285E-01 1.65730E-01 1.42016E-01 1.18489E-01 9.54629E-02 7.32217E-02
 5.20116E-02 3.20418E-02 1.34827E-02-3.53360E-03-1.89128E-02-3.25971E-02
-4.45622E-02-5.48158E-02-6.33935E-02-7.03557E-02-7.57843E-02-7.97786E-02
-8.24518E-02-8.39274E-02-8.43356E-02-8.38102E-02-8.24854E-02-8.04932E-02
-7.79608E-02-7.50088E-02-7.17494E-02-6.82846E-02-6.47058E-02-6.10927E-02
-5.75128E-02-5.40218E-02-5.06633E-02-4.74696E-02-4.44621E-02-4.16523E-02
-3.90426E-02-3.66276E-02-3.43952E-02-3.23277E-02-3.04035E-02-2.85975E-02
-2.68833E-02-2.52337E-02-2.36218E-02-2.20223E-02-2.04120E-02-1.87708E-02
-1.70822E-02-1.53336E-02-1.35169E-02-1.16284E-02-9.66908E-03-7.64417E-03
-5.56328E-03-3.43986E-03-1.29082E-03 8.64003E-04 3.00241E-03 5.10050E-03
 7.13334E-03 9.07565E-03 2.94345E-02 2.75718E-02 2.23375E-02 1.47195E-02
 6.14210E-03-1.79631E-03-7.57732E-03-9.95631E-03-8.07479E-03-1.49850E-03
 9.79793E-03 2.54784E-02 4.49096E-02 6.72340E-02 9.14449E-02 1.16460E-01
 1.41192E-01 1.64605E-01 1.85767E-01 2.03889E-01 2.18349E-01 2.28708E-01
 2.34714E-01 2.36295E-01 2.33543E-01 2.26694E-01 2.16102E-01 2.02211E-01
 1.85533E-01 1.66618E-01 1.46036E-01 1.24353E-01 1.02123E-01 7.98655E-02
 5.80607E-02 3.71387E-02 1.74736E-02-6.21067E-04-1.68946E-02-3.11604E-02
-4.32948E-02-5.32352E-02-6.09761E-02-6.65651E-02-7.00965E-02-7.17051E-02
-7.15594E-02-6.98543E-02-6.68033E-02-6.26319E-02-5.75697E-02-5.18449E-02
-4.56775E-02-3.92746E-02-3.28255E-02-2.64989E-02-2.04396E-02-1.47670E-02
-9.57454E-03-4.92943E-03-8.73632E-04 2.57457E-03 5.41843E-03 7.68001E-03
 9.39719E-03 1.06204E-02 1.14090E-02 1.18283E-02 1.19459E-02 1.18288E-02
 1.15411E-02 1.11410E-02 1.06796E-02 1.01994E-02 9.73361E-03 9.30545E-03
 8.92875E-03 8.60830E-03 8.34080E-03 8.11608E-03 7.91851E-03 7.72860E-03
 7.52456E-03 7.28395E-03 6.98515E-03 6.60874E-03 6.13868E-03 5.56322E-03
 4.87561E-03 4.07446E-03 3.16391E-03 2.15347E-03 1.05764E-03-1.04678E-04
-1.31096E-03-2.53596E-03-3.75272E-03-4.93361E-03-6.05135E-03-7.08002E-03
 4.66855E-02 4.56580E-02 4.28608E-02 3.90800E-02 3.54177E-02 3.30529E-02
 3.30145E-02 3.60184E-02 4.23875E-02 5.20482E-02 6.45796E-02 7.92914E-02
 9.53113E-02 1.11672E-01 1.27390E-01 1.41533E-01 1.53277E-01 1.61950E-01
 1.67057E-01 1.68304E-01 1.65594E-01 1.59025E-01 1.48870E-01 1.35550E-01
 1.19604E-01 1.01650E-01 8.23518E-02 6.23809E-02 4.23903E-02 2.29865E-02
 4.71031E-03-1.19785E-02-2.67103E-02-3.92111E-02-4.93034E-02-5.69036E-02
-6.20163E-02-6.47262E-02-6.51877E-02-6.36133E-02-6.02608E-02-5.54199E-02
-4.93995E-02-4.25150E-02-3.50764E-02-2.73784E-02-1.96918E-02-1.22559E-02
-5.27416E-03 1.08945E-03 6.71182E-03 1.15104E-02 1.54415E-02 1.84971E-02
 2.07010E-02 2.21038E-02 2.27775E-02 2.28101E-02 2.22998E-02 2.13497E-02
 2.00630E-02 1.85387E-02 1.68678E-02 1.51309E-02 1.33959E-02 1.17170E-02
 1.01346E-02 8.67531E-03 7.35329E-03 6.17152E-03 5.12375E-03 4.19662E-03
 3.37181E-03 2.62825E-03 1.94415E-03 1.29887E-03 6.74432E-04 5.67437E-05
-5.63557E-04-1.19064E-03-1.82341E-03-2.45569E-03-3.07685E-03-3.67253E-03
-4.22567E-03-4.71761E-03-5.12928E-03-5.44239E-03-5.64057E-03-5.71036E-03
-5.64211E-03-5.43065E-03-5.07574E-03-4.58228E-03-3.96034E-03-3.22484E-03
-2.39512E-03-1.49425E-03-5.48171E-04 4.15271E-04 4.12297E-02 4.07242E-02
 3.94330E-02 3.79675E-02 3.71565E-02 3.78312E-02 4.06260E-02 4.58472E-02
 5.34255E-02 6.29456E-02 7.37259E-02 8.49217E-02 9.56292E-02 1.04978E-01
 1.12204E-01 1.16703E-01 1.18065E-01 1.16086E-01 1.10770E-01 1.02317E-01
 9.10974E-02 7.76202E-02 6.24958E-02 4.63937E-02 3.00007E-02 1.39814E-02
-1.05598E-03-1.45877E-02-2.61938E-02-3.55705E-02-4.25348E-02-4.70223E-02
-4.90800E-02-4.88539E-02-4.65742E-02-4.25374E-02-3.70871E-02-3.05946E-02
-2.34402E-02-1.59954E-02-8.60710E-03-1.58494E-03 4.80904E-03 1.03672E-02
 1.49399E-02 1.84365E-02 2.08228E-02 2.21167E-02 2.23818E-02 2.17195E-02
 2.02603E-02 1.81545E-02 1.55635E-02 1.26508E-02 9.57442E-03 6.48055E-03
 3.49794E-03 7.34142E-04-1.72694E-03-3.82605E-03-5.52820E-03-6.82128E-03
-7.71350E-03-8.23022E-03-8.41026E-03-8.30193E-03-7.95910E-03-7.43739E-03
-6.79093E-03-6.06944E-03-5.31615E-03-4.56635E-03-3.84661E-03-3.17471E-03
-2.56024E-03-2.00555E-03-1.50721E-03-1.05759E-03-6.46641E-04-2.63513E-04
 1.01898E-04 4.57705E-04 8.09098E-04 1.15779E-03 1.50184E-03 1.83582E-03
 2.15133E-03 2.43776E-03 2.68321E-03 2.87554E-03 3.00345E-03 3.05741E-03
 3.03056E-03 2.91937E-03 2.72403E-03 2.44868E-03 2.10129E-03 1.69337E-03
 1.23942E-03 7.56231E-04
  39 Y   4.177028846656E-01  1.902349930162E+00 -1.124084458734E-01
  39 Y   2.427297010891E+00 -1.902349930162E+00  2.555091456199E+00
  39 Y  -2.427297010891E+00  1.902349930162E+00 -2.555091456199E+00
  39 Y  -4.177028846656E-01 -1.902349930162E+00  1.124084458734E-01
  22 TI  2.844999895557E+00  0.000000000000E+00  0.000000000000E+00
  22 TI  1.263433755641E-15  0.000000000000E+00  2.667499902073E+00
  22 TI  0.000000000000E+00  3.804699860325E+00  2.667499902073E+00
  22 TI  2.844999895557E+00  3.804699860325E+00  0.000000000000E+00
   8 O   2.593217404800E+00  1.902349930162E+00  6.450014763210E-01
   8 O   2.517824907568E-01 -1.902349930162E+00 -2.022498425751E+00
   8 O  -2.517824907568E-01  1.902349930162E+00  2.022498425751E+00
   8 O  -2.593217404800E+00 -1.902349930162E+00 -6.450014763210E-01
   8 O   1.760542835368E+00  4.431714397306E-01 -1.652356139340E+00
   8 O   1.084457060188E+00 -4.431714397306E-01  1.015143762733E+00
   8 O  -1.084457060188E+00  3.361528420594E+00 -1.015143762733E+00
   8 O  -1.760542835368E+00 -3.361528420594E+00  1.652356139340E+00
   8 O  -1.760542835368E+00 -4.431714397306E-01  1.652356139340E+00
   8 O  -1.084457060188E+00  4.431714397306E-01 -1.015143762733E+00
   8 O   1.084457060188E+00 -3.361528420594E+00  1.015143762733E+00
   8 O   1.760542835368E+00  3.361528420594E+00 -1.652356139340E+00
  0.568999979111E+01  0.000000000000E+00  0.000000000000E+00
  0.000000000000E+00  0.760939972041E+01  0.000000000000E+00
  0.000000000000E+00  0.000000000000E+00  0.533499980390E+01
