-%-1MAPN  100    8 0.50000E-01  20
 1.00000E+00 0.00000E+00 0.00000E+00
 0.00000E+00 0.00000E+00 0.00000E+00 0.00000E+00 0.00000E+00 0.00000E+00
 0.00000E+00 0.00000E+00 0.00000E+00 0.00000E+00 0.00000E+00 0.00000E+00
 0.00000E+00 0.00000E+00 0.00000E+00 0.00000E+00 0.00000E+00 0.00000E+00
 0.00000E+00 0.00000E+00 0.00000E+00 0.00000E+00 0.00000E+00 0.00000E+00
 0.00000E+00 0.00000E+00 0.00000E+00 0.00000E+00 0.00000E+00 0.00000E+00
 0.00000E+00 0.00000E+00 0.00000E+00 0.00000E+00 0.00000E+00 0.00000E+00
 0.00000E+00 0.00000E+00 0.00000E+00 0.00000E+00 0.00000E+00 0.00000E+00
 0.00000E+00 0.00000E+00 0.00000E+00 0.00000E+00 0.00000E+00 0.00000E+00
 0.00000E+00 0.00000E+00 0.00000E+00 0.00000E+00 0.00000E+00 0.00000E+00
 0.00000E+00 0.00000E+00 0.00000E+00 0.00000E+00 0.00000E+00 0.00000E+00
 0.00000E+00 0.00000E+00 0.00000E+00 0.00000E+00 0.00000E+00 0.00000E+00
 0.00000E+00 0.00000E+00 0.00000E+00 0.00000E+00 0.00000E+00 0.00000E+00
 0.00000E+00 0.00000E+00 0.00000E+00 0.00000E+00 0.00000E+00 0.00000E+00
 0.00000E+00 0.00000E+00 0.00000E+00 0.00000E+00 0.00000E+00 0.00000E+00
 0.00000E+00 0.00000E+00 0.00000E+00 0.00000E+00 0.00000E+00 0.00000E+00
 0.00000E+00 0.00000E+00 0.00000E+00 0.00000E+00 0.00000E+00 0.00000E+00
 0.00000E+00 0.00000E+00 0.00000E+00 0.00000E+00 2.41945E-06 2.41666E-06
 2.40211E-06 2.37622E-06 2.33961E-06 2.29312E-06 2.23769E-06 2.17432E-06
 2.10408E-06 2.02801E-06 1.94715E-06 1.86252E-06 1.77507E-06 1.68571E-06
 1.59529E-06 1.50460E-06 1.41435E-06 1.32521E-06 1.23776E-06 1.15251E-06
 1.06991E-06 9.90347E-07 9.14118E-07 8.41469E-07 7.72576E-07 7.07553E-07
 6.46457E-07 5.89293E-07 5.36014E-07 4.86533E-07 4.40722E-07 3.98419E-07
 3.59433E-07 3.23544E-07 2.90513E-07 2.60077E-07 2.31958E-07 2.05864E-07
 1.81489E-07 1.58517E-07 1.36622E-07 1.15471E-07 9.47206E-08 7.40241E-08
 5.30271E-08 3.13696E-08 8.68635E-09-1.53937E-08-4.12472E-08-6.92566E-08
-9.98105E-08-1.33304E-07-1.70139E-07-2.10724E-07-2.55477E-07-3.04821E-07
-3.59190E-07-4.19024E-07-4.84772E-07-5.56893E-07-6.35851E-07-7.22121E-07
-8.16184E-07-9.18527E-07-1.02964E-06-1.15003E-06-1.28019E-06-1.42063E-06
-1.57185E-06-1.73435E-06-1.90863E-06-2.09518E-06-2.29448E-06-2.50699E-06
-2.73317E-06-2.97344E-06-3.22822E-06-3.49786E-06-3.78272E-06-4.08309E-06
-4.39922E-06-4.73131E-06-5.07950E-06-5.44386E-06-5.82439E-06-6.22099E-06
-6.63348E-06-7.06159E-06-7.50490E-06-7.96290E-06-8.43493E-06-8.92019E-06
-9.41770E-06-9.92633E-06-1.04447E-05-1.09714E-05-1.15046E-05-1.20422E-05
-1.25821E-05-1.31218E-05 1.81920E-06 1.81309E-06 1.79344E-06 1.76088E-06
 1.71638E-06 1.66116E-06 1.59657E-06 1.52404E-06 1.44499E-06 1.36081E-06
 1.27282E-06 1.18224E-06 1.09022E-06 9.97812E-07 9.05956E-07 8.15517E-07
 7.27263E-07 6.41872E-07 5.59936E-07 4.81960E-07 4.08362E-07 3.39477E-07
 2.75553E-07 2.16762E-07 1.63193E-07 1.14867E-07 7.17363E-08 3.36936E-08
 5.79290E-10-2.78111E-08-5.17203E-08-7.14214E-08-8.72109E-08-9.94029E-08
-1.08323E-07-1.14302E-07-1.17675E-07-1.18773E-07-1.17925E-07-1.15449E-07
-1.11656E-07-1.06848E-07-1.01312E-07-9.53288E-08-8.91634E-08-8.30724E-08
-7.73019E-08-7.20890E-08-6.76631E-08-6.42472E-08-6.20588E-08-6.13120E-08
-6.22181E-08-6.49873E-08-6.98298E-08-7.69563E-08-8.65794E-08-9.89131E-08
-1.14174E-07-1.32580E-07-1.54352E-07-1.79709E-07-2.08870E-07-2.42052E-07
-2.79465E-07-3.21312E-07-3.67782E-07-4.19052E-07-4.75273E-07-5.36574E-07
-6.03051E-07-6.74759E-07-7.51708E-07-8.33855E-07-9.21094E-07-1.01324E-06
-1.11005E-06-1.21115E-06-1.31609E-06-1.42431E-06-1.53511E-06-1.64766E-06
-1.76098E-06-1.87393E-06-1.98521E-06-2.09331E-06-2.19655E-06-2.29305E-06
-2.38069E-06-2.45717E-06-2.51992E-06-2.56617E-06-2.59291E-06-2.59688E-06
-2.57459E-06-2.52233E-06-2.43614E-06-2.31186E-06-2.14512E-06-1.93137E-06
 2.56308E-07 2.52162E-07 2.41328E-07 2.24406E-07 2.02289E-07 1.76048E-07
 1.46797E-07 1.15605E-07 8.34350E-08 5.11084E-08 1.93006E-08-1.14406E-08
-4.06915E-08-6.81206E-08-9.34771E-08-1.16570E-07-1.37257E-07-1.55433E-07
-1.71026E-07-1.83990E-07-1.94312E-07-2.02006E-07-2.07120E-07-2.09732E-07
-2.09953E-07-2.07923E-07-2.03812E-07-1.97814E-07-1.90146E-07-1.81037E-07
-1.70729E-07-1.59467E-07-1.47497E-07-1.35056E-07-1.22371E-07-1.09652E-07
-9.70917E-08-8.48592E-08-7.31007E-08-6.19363E-08-5.14620E-08-4.17478E-08
-3.28404E-08-2.47638E-08-1.75207E-08-1.10953E-08-5.45475E-09-5.51576E-10
 3.67434E-09 7.29313E-09 1.03837E-08 1.30314E-08 1.53262E-08 1.73613E-08
 1.92316E-08 2.10322E-08 2.28568E-08 2.47968E-08 2.69398E-08 2.93680E-08
 3.21573E-08 3.53754E-08 3.90806E-08 4.33192E-08 4.81247E-08 5.35147E-08
 5.94887E-08 6.60257E-08 7.30810E-08 8.05832E-08 8.84304E-08 9.64868E-08
 1.04579E-07 1.12490E-07 1.19960E-07 1.26675E-07 1.32268E-07 1.36315E-07
 1.38325E-07 1.37747E-07 1.33956E-07 1.26259E-07 1.13891E-07 9.60128E-08
 7.17163E-08 4.00234E-08-1.07663E-10-4.97769E-08-1.10134E-07-1.82368E-07
-2.67694E-07-3.67338E-07-4.82516E-07-6.14418E-07-7.64176E-07-9.32846E-07
-1.12137E-06-1.33054E-06-1.56099E-06-1.81311E-06-5.64650E-07-5.64603E-07
-5.63304E-07-5.60344E-07-5.55161E-07-5.47171E-07-5.35906E-07-5.21091E-07
-5.02690E-07-4.80895E-07-4.56089E-07-4.28798E-07-3.99627E-07-3.69211E-07
-3.38171E-07-3.07080E-07-2.76437E-07-2.46659E-07-2.18074E-07-1.90927E-07
-1.65386E-07-1.41554E-07-1.19480E-07-9.91720E-08-8.06096E-08-6.37499E-08
-4.85395E-08-3.49182E-08-2.28237E-08-1.21949E-08-2.97073E-09 4.90871E-09
 1.15046E-08 1.68808E-08 2.11062E-08 2.42558E-08 2.64120E-08 2.76656E-08
 2.81148E-08 2.78656E-08 2.70286E-08 2.57188E-08 2.40521E-08 2.21435E-08
 2.01045E-08 1.80406E-08 1.60493E-08 1.42178E-08 1.26219E-08 1.13241E-08
 1.03731E-08 9.80256E-09 9.63112E-09 9.86201E-09 1.04831E-08 1.14673E-08
 1.27726E-08 1.43430E-08 1.61090E-08 1.79882E-08 1.98866E-08 2.16995E-08
 2.33125E-08 2.46032E-08 2.54426E-08 2.56968E-08 2.52292E-08 2.39027E-08
 2.15827E-08 1.81392E-08 1.34511E-08 7.40918E-09-7.94329E-11-9.08724E-09
-1.96615E-08-3.18194E-08-4.55427E-08-6.07729E-08-7.74058E-08-9.52863E-08
-1.14204E-07-1.33889E-07-1.54009E-07-1.74163E-07-1.93887E-07-2.12647E-07
-2.29844E-07-2.44816E-07-2.56847E-07-2.65168E-07-2.68976E-07-2.67437E-07
-2.59710E-07-2.44959E-07-2.22377E-07-1.91206E-07-1.50765E-07-1.00474E-07
-3.98841E-08 3.12937E-08-5.82020E-07-5.78900E-07-5.70465E-07-5.56521E-07
-5.36856E-07-5.11383E-07-4.80257E-07-4.43943E-07-4.03223E-07-3.59138E-07
-3.12908E-07-2.65825E-07-2.19165E-07-1.74102E-07-1.31649E-07-9.26251E-08
-5.76316E-08-2.70563E-08-1.08655E-09 2.02690E-08 3.71521E-08 4.98245E-08
 5.86376E-08 6.40033E-08 6.63685E-08 6.61927E-08 6.39272E-08 6.00028E-08
 5.48178E-08 4.87311E-08 4.20598E-08 3.50771E-08 2.80150E-08 2.10658E-08
 1.43869E-08 8.10312E-09 2.31159E-09-2.91543E-09-7.52758E-09-1.14937E-08
-1.47997E-08-1.74473E-08-1.94514E-08-2.08398E-08-2.16508E-08-2.19323E-08
-2.17401E-08-2.11363E-08-2.01880E-08-1.89651E-08-1.75393E-08-1.59820E-08
-1.43629E-08-1.27485E-08-1.12007E-08-9.77550E-09-8.52161E-09-7.47961E-09
-6.68085E-09-6.14649E-09-5.88686E-09-5.90066E-09-6.17440E-09-6.68201E-09
-7.38443E-09-8.22951E-09-9.15202E-09-1.00739E-08-1.09051E-08-1.15439E-08
-1.18789E-08-1.17904E-08-1.11530E-08-9.83816E-09-7.71792E-09-4.66894E-09
-5.77210E-10 4.65657E-09 1.11112E-08 1.88386E-08 2.78572E-08 3.81452E-08
 4.96339E-08 6.22011E-08 7.56655E-08 8.97813E-08 1.04235E-07 1.18643E-07
 1.32552E-07 1.45439E-07 1.56719E-07 1.65750E-07 1.71846E-07 1.74288E-07
 1.72346E-07 1.65295E-07 1.52443E-07 1.33154E-07 1.06881E-07 7.31932E-08
-3.07396E-07-3.04317E-07-2.95664E-07-2.81369E-07-2.61438E-07-2.36083E-07
-2.05829E-07-1.71563E-07-1.34494E-07-9.60601E-08-5.78029E-08-2.12267E-08
 1.23185E-08 4.17276E-08 6.61942E-08 8.52331E-08 9.86691E-08 1.06608E-07
 1.09393E-07 1.07551E-07 1.01740E-07 9.26992E-08 8.12020E-08 6.80156E-08
 5.38686E-08 3.94257E-08 2.52678E-08 1.18820E-08-3.44404E-10-1.11240E-08
-2.02644E-08-2.76610E-08-3.32864E-08-3.71799E-08-3.94351E-08-4.01889E-08
-3.96100E-08-3.78890E-08-3.52289E-08-3.18369E-08-2.79177E-08-2.36671E-08
-1.92670E-08-1.48817E-08-1.06546E-08-6.70659E-09-3.13419E-09-9.62683E-12
 2.61903E-09 4.72697E-09 6.31103E-09 7.38784E-09 7.99139E-09 8.17054E-09
 7.98616E-09 7.50832E-09 6.81333E-09 5.98092E-09 5.09149E-09 4.22341E-09
 3.45061E-09 2.84026E-09 2.45074E-09 2.32973E-09 2.51254E-09 3.02071E-09
 3.86074E-09 5.02313E-09 6.48157E-09 8.19255E-09 1.00951E-08 1.21111E-08
 1.41458E-08 1.60891E-08 1.78170E-08 1.91944E-08 2.00779E-08 2.03196E-08
 1.97723E-08 1.82950E-08 1.57589E-08 1.20550E-08 7.10153E-09 8.52397E-10
-6.69497E-09-1.54914E-08-2.54288E-08-3.63336E-08-4.79622E-08-5.99983E-08
-7.20524E-08-8.36653E-08-9.43138E-08-1.03421E-07-1.10371E-07-1.14525E-07
-1.15247E-07-1.11925E-07-1.04003E-07-9.10118E-08-7.87468E-08-7.64777E-08
-7.01537E-08-5.97641E-08-4.54051E-08-2.74102E-08-6.43713E-09 1.65088E-08
 4.01414E-08 6.30220E-08 8.37175E-08 1.00956E-07 1.13751E-07 1.21473E-07
 1.23885E-07 1.21117E-07 1.13625E-07 1.02110E-07 8.74451E-08 7.05904E-08
 5.25246E-08 3.41822E-08 1.64076E-08-7.96093E-11-1.47044E-08-2.70464E-08
-3.68401E-08-4.39663E-08-4.84379E-08-5.03815E-08-5.00163E-08-4.76327E-08
-4.35696E-08-3.81945E-08-3.18841E-08-2.50086E-08-1.79169E-08-1.09258E-08
-4.31046E-09 1.70079E-09 6.93101E-09 1.12556E-08 1.46017E-08 1.69454E-08
 1.83076E-08 1.87485E-08 1.83605E-08 1.72619E-08 1.55886E-08 1.34871E-08
 1.11076E-08 8.59682E-09 6.09263E-09 3.71891E-09 1.58157E-09-2.34540E-10
-1.66766E-09-2.68017E-09-3.25877E-09-3.41381E-09-3.17778E-09-2.60321E-09
-1.75987E-09-7.31553E-10 3.87657E-10 1.49744E-09 2.49554E-09 3.28233E-09
 3.76536E-09 3.86404E-09 3.51410E-09 2.67184E-09 1.31807E-09-5.38647E-10
-2.85936E-09-5.57309E-09-8.57638E-09-1.17341E-08-1.48818E-08-1.78298E-08
-2.03692E-08-2.22790E-08-2.33364E-08-2.33268E-08-2.20573E-08-1.93689E-08
-1.51511E-08-9.35489E-09-2.00554E-09 6.78681E-09 1.68190E-08 2.77905E-08
 3.93031E-08 5.08661E-08 6.19068E-08 7.17874E-08 7.98275E-08 8.53328E-08
 8.76287E-08 8.60978E-08
  39 Y   4.177028846656E-01  1.902349930162E+00 -1.124084458734E-01
  39 Y   2.427297010891E+00 -1.902349930162E+00  2.555091456199E+00
  39 Y  -2.427297010891E+00  1.902349930162E+00 -2.555091456199E+00
  39 Y  -4.177028846656E-01 -1.902349930162E+00  1.124084458734E-01
  22 TI  2.844999895557E+00  0.000000000000E+00  0.000000000000E+00
  22 TI  1.263433755641E-15  0.000000000000E+00  2.667499902073E+00
  22 TI  0.000000000000E+00  3.804699860325E+00  2.667499902073E+00
  22 TI  2.844999895557E+00  3.804699860325E+00  0.000000000000E+00
   8 O   2.593217404800E+00  1.902349930162E+00  6.450014763210E-01
   8 O   2.517824907568E-01 -1.902349930162E+00 -2.022498425751E+00
   8 O  -2.517824907568E-01  1.902349930162E+00  2.022498425751E+00
   8 O  -2.593217404800E+00 -1.902349930162E+00 -6.450014763210E-01
   8 O   1.760542835368E+00  4.431714397306E-01 -1.652356139340E+00
   8 O   1.084457060188E+00 -4.431714397306E-01  1.015143762733E+00
   8 O  -1.084457060188E+00  3.361528420594E+00 -1.015143762733E+00
   8 O  -1.760542835368E+00 -3.361528420594E+00  1.652356139340E+00
   8 O  -1.760542835368E+00 -4.431714397306E-01  1.652356139340E+00
   8 O  -1.084457060188E+00  4.431714397306E-01 -1.015143762733E+00
   8 O   1.084457060188E+00 -3.361528420594E+00  1.015143762733E+00
   8 O   1.760542835368E+00  3.361528420594E+00 -1.652356139340E+00
  0.568999979111E+01  0.000000000000E+00  0.000000000000E+00
  0.000000000000E+00  0.760939972041E+01  0.000000000000E+00
  0.000000000000E+00  0.000000000000E+00  0.533499980390E+01
-%-1MAPN  100    8 0.50000E-01  20
 1.00000E+00 0.00000E+00 0.00000E+00
 0.00000E+00 0.00000E+00 0.00000E+00 0.00000E+00 0.00000E+00 0.00000E+00
 0.00000E+00 0.00000E+00 0.00000E+00 0.00000E+00 0.00000E+00 0.00000E+00
 0.00000E+00 0.00000E+00 0.00000E+00 0.00000E+00 0.00000E+00 0.00000E+00
 0.00000E+00 0.00000E+00 0.00000E+00 0.00000E+00 0.00000E+00 0.00000E+00
 0.00000E+00 0.00000E+00 0.00000E+00 0.00000E+00 0.00000E+00 0.00000E+00
 0.00000E+00 0.00000E+00 0.00000E+00 0.00000E+00 0.00000E+00 0.00000E+00
 0.00000E+00 0.00000E+00 0.00000E+00 0.00000E+00 0.00000E+00 0.00000E+00
 0.00000E+00 0.00000E+00 0.00000E+00 0.00000E+00 0.00000E+00 0.00000E+00
 0.00000E+00 0.00000E+00 0.00000E+00 0.00000E+00 0.00000E+00 0.00000E+00
 0.00000E+00 0.00000E+00 0.00000E+00 0.00000E+00 0.00000E+00 0.00000E+00
 0.00000E+00 0.00000E+00 0.00000E+00 0.00000E+00 0.00000E+00 0.00000E+00
 0.00000E+00 0.00000E+00 0.00000E+00 0.00000E+00 0.00000E+00 0.00000E+00
 0.00000E+00 0.00000E+00 0.00000E+00 0.00000E+00 0.00000E+00 0.00000E+00
 0.00000E+00 0.00000E+00 0.00000E+00 0.00000E+00 0.00000E+00 0.00000E+00
 0.00000E+00 0.00000E+00 0.00000E+00 0.00000E+00 0.00000E+00 0.00000E+00
 0.00000E+00 0.00000E+00 0.00000E+00 0.00000E+00 0.00000E+00 0.00000E+00
 0.00000E+00 0.00000E+00 0.00000E+00 0.00000E+00 2.05208E-07 2.04114E-07
 2.00947E-07 1.95865E-07 1.89111E-07 1.80986E-07 1.71819E-07 1.61942E-07
 1.51682E-07 1.41339E-07 1.31186E-07 1.21462E-07 1.12371E-07 1.04080E-07
 9.67230E-08 9.04031E-08 8.51979E-08 8.11630E-08 7.83337E-08 7.67316E-08
 7.63649E-08 7.72321E-08 7.93223E-08 8.26200E-08 8.71045E-08 9.27518E-08
 9.95373E-08 1.07435E-07 1.16421E-07 1.26471E-07 1.37563E-07 1.49676E-07
 1.62791E-07 1.76888E-07 1.91950E-07 2.07957E-07 2.24891E-07 2.42729E-07
 2.61447E-07 2.81017E-07 3.01406E-07 3.22576E-07 3.44480E-07 3.67067E-07
 3.90274E-07 4.14028E-07 4.38247E-07 4.62833E-07 4.87676E-07 5.12650E-07
 5.37610E-07 5.62393E-07 5.86815E-07 6.10670E-07 6.33728E-07 6.55729E-07
 6.76387E-07 6.95387E-07 7.12376E-07 7.26970E-07 7.38746E-07 7.47241E-07
 7.51949E-07 7.52321E-07 7.47761E-07 7.37621E-07 7.21205E-07 6.97760E-07
 6.66479E-07 6.26496E-07 5.76884E-07 5.16656E-07 4.44760E-07 3.60080E-07
 2.61432E-07 1.47567E-07 1.71674E-08-1.31152E-07-2.98844E-07-4.87428E-07
-6.98489E-07-9.33677E-07-1.19470E-06-1.48334E-06-1.80140E-06-2.15078E-06
-2.53338E-06-2.95117E-06-3.40614E-06-3.90031E-06-4.43570E-06-5.01436E-06
-5.63832E-06-6.30958E-06-7.03012E-06-7.80188E-06-8.62672E-06-9.50643E-06
-1.04427E-05-1.14371E-05 8.60355E-08 8.44738E-08 7.97736E-08 7.22212E-08
 6.22551E-08 5.04052E-08 3.72429E-08 2.33361E-08 9.21918E-09-4.63065E-09
-1.78013E-08-2.99569E-08-4.08328E-08-5.02399E-08-5.80549E-08-6.42141E-08
-6.87017E-08-7.15418E-08-7.27916E-08-7.25304E-08-7.08553E-08-6.78747E-08
-6.37060E-08-5.84671E-08-5.22773E-08-4.52523E-08-3.75016E-08-2.91276E-08
-2.02238E-08-1.08733E-08-1.14870E-09 8.88833E-09 1.91877E-08 2.97103E-08
 4.04281E-08 5.13239E-08 6.23908E-08 7.36319E-08 8.50599E-08 9.66967E-08
 1.08573E-07 1.20726E-07 1.33203E-07 1.46057E-07 1.59347E-07 1.73139E-07
 1.87505E-07 2.02522E-07 2.18271E-07 2.34840E-07 2.52318E-07 2.70802E-07
 2.90391E-07 3.11190E-07 3.33306E-07 3.56852E-07 3.81948E-07 4.08715E-07
 4.37283E-07 4.67787E-07 5.00369E-07 5.35178E-07 5.72375E-07 6.12126E-07
 6.54610E-07 7.00018E-07 7.48554E-07 8.00436E-07 8.55899E-07 9.15194E-07
 9.78592E-07 1.04638E-06 1.11889E-06 1.19644E-06 1.27940E-06 1.36816E-06
 1.46314E-06 1.56480E-06 1.67361E-06 1.79007E-06 1.91475E-06 2.04821E-06
 2.19105E-06 2.34393E-06 2.50750E-06 2.68247E-06 2.86955E-06 3.06948E-06
 3.28303E-06 3.51095E-06 3.75403E-06 4.01304E-06 4.28873E-06 4.58183E-06
 4.89305E-06 5.22306E-06 5.57243E-06 5.94170E-06 6.33129E-06 6.74153E-06
 1.98732E-08 1.83275E-08 1.39332E-08 7.06491E-09-1.71802E-09-1.17491E-08
-2.23269E-08-3.27851E-08-4.25279E-08-5.10599E-08-5.79981E-08-6.30706E-08
-6.61194E-08-6.70883E-08-6.60107E-08-6.29950E-08-5.82083E-08-5.18598E-08
-4.41868E-08-3.54407E-08-2.58783E-08-1.57515E-08-5.30191E-09 5.24532E-09
 1.56844E-08 2.58313E-08 3.55252E-08 4.46282E-08 5.30254E-08 6.06241E-08
 6.73530E-08 7.31606E-08 7.80148E-08 8.19008E-08 8.48206E-08 8.67911E-08
 8.78434E-08 8.80208E-08 8.73778E-08 8.59784E-08 8.38945E-08 8.12049E-08
 7.79930E-08 7.43462E-08 7.03538E-08 6.61064E-08 6.16941E-08 5.72063E-08
 5.27302E-08 4.83501E-08 4.41474E-08 4.01996E-08 3.65803E-08 3.33586E-08
 3.05992E-08 2.83622E-08 2.67028E-08 2.56715E-08 2.53133E-08 2.56680E-08
 2.67696E-08 2.86456E-08 3.13170E-08 3.47968E-08 3.90898E-08 4.41907E-08
 5.00835E-08 5.67396E-08 6.41161E-08 7.21541E-08 8.07763E-08 8.98852E-08
 9.93602E-08 1.09056E-07 1.18798E-07 1.28382E-07 1.37573E-07 1.46098E-07
 1.53647E-07 1.59874E-07 1.64390E-07 1.66767E-07 1.66534E-07 1.63182E-07
 1.56163E-07 1.44891E-07 1.28753E-07 1.07105E-07 7.92847E-08 4.46199E-08
 2.43516E-09-4.79341E-08-1.07129E-07-1.75751E-07-2.54347E-07-3.43388E-07
-4.43250E-07-5.54191E-07-6.76329E-07-8.09617E-07 2.45640E-09 1.29823E-09
-1.95562E-09-6.88787E-09-1.28799E-08-1.92168E-08-2.51805E-08-3.01258E-08
-3.35284E-08-3.50114E-08-3.43480E-08-3.14594E-08-2.63968E-08-1.93271E-08
-1.05083E-08-2.66080E-10 1.10313E-08 2.29958E-08 3.52380E-08 4.73867E-08
 5.91006E-08 7.00789E-08 8.00673E-08 8.88626E-08 9.63120E-08 1.02312E-07
 1.06806E-07 1.09777E-07 1.11247E-07 1.11268E-07 1.09918E-07 1.07297E-07
 1.03523E-07 9.87274E-08 9.30501E-08 8.66385E-08 7.96430E-08 7.22143E-08
 6.45007E-08 5.66456E-08 4.87850E-08 4.10458E-08 3.35440E-08 2.63828E-08
 1.96522E-08 1.34273E-08 7.76866E-09 2.72142E-09-1.68423E-09-5.43289E-09
-8.52345E-09-1.09684E-08-1.27929E-08-1.40342E-08-1.47404E-08-1.49696E-08
-1.47887E-08-1.42729E-08-1.35042E-08-1.25707E-08-1.15653E-08-1.05853E-08
-9.73085E-09-9.10380E-09-8.80690E-09-8.94215E-09-9.60948E-09-1.09050E-08
-1.29190E-08-1.57341E-08-1.94225E-08-2.40434E-08-2.96401E-08-3.62365E-08
-4.38338E-08-5.24065E-08-6.18990E-08-7.22210E-08-8.32441E-08-9.47977E-08
-1.06666E-07-1.18584E-07-1.30236E-07-1.41254E-07-1.51218E-07-1.59654E-07
-1.66038E-07-1.69801E-07-1.70332E-07-1.66989E-07-1.59103E-07-1.45999E-07
-1.27001E-07-1.01457E-07-6.87513E-08-2.83302E-08 2.02767E-08 7.74317E-08
 1.43363E-07 2.18137E-07 1.06261E-08 9.84858E-09 7.63354E-09 4.40893E-09
 7.96284E-10-2.51164E-09-4.85532E-09-5.69568E-09-4.66399E-09-1.57645E-09
 3.57329E-09 1.06329E-08 1.93203E-08 2.92577E-08 4.00020E-08 5.10778E-08
 6.20081E-08 7.23398E-08 8.16661E-08 8.96428E-08 9.59996E-08 1.00547E-07
 1.03179E-07 1.03865E-07 1.02651E-07 9.96428E-08 9.49986E-08 8.89167E-08
 8.16232E-08 7.33613E-08 6.43817E-08 5.49337E-08 4.52587E-08 3.55837E-08
 2.61167E-08 1.70433E-08 8.52370E-09 6.90894E-10-6.35020E-09-1.25231E-08
-1.77790E-08-2.20962E-08-2.54779E-08-2.79499E-08-2.95586E-08-3.03676E-08
-3.04547E-08-2.99088E-08-2.88264E-08-2.73089E-08-2.54591E-08-2.33784E-08
-2.11644E-08-1.89087E-08-1.66944E-08-1.45947E-08-1.26716E-08-1.09742E-08
-9.53857E-09-8.38668E-09-7.52622E-09-6.95050E-09-6.63856E-09-6.55550E-09
-6.65300E-09-6.87008E-09-7.13406E-09-7.36176E-09-7.46094E-09-7.33209E-09
-6.87044E-09-5.96841E-09-4.51843E-09-2.41609E-09 4.36234E-10 4.12532E-09
 8.72270E-09 1.42799E-08 2.08235E-08 2.83496E-08 3.68188E-08 4.61510E-08
 5.62206E-08 6.68520E-08 7.78160E-08 8.88278E-08 9.95454E-08 1.09570E-07
 1.18450E-07 1.25683E-07 1.30725E-07 1.33000E-07 1.31913E-07 1.26863E-07
 1.17263E-07 1.02564E-07 8.22718E-08 5.59775E-08 2.33818E-08-1.56765E-08
 2.05014E-08 1.99694E-08 1.85103E-08 1.65403E-08 1.46434E-08 1.34448E-08
 1.34924E-08 1.51664E-08 1.86411E-08 2.38796E-08 3.06604E-08 3.86195E-08
 4.72946E-08 5.61723E-08 6.47302E-08 7.24725E-08 7.89602E-08 8.38342E-08
 8.68307E-08 8.77902E-08 8.66597E-08 8.34887E-08 7.84195E-08 7.16731E-08
 6.35323E-08 5.43219E-08 4.43901E-08 3.40900E-08 2.37638E-08 1.37291E-08
 4.26798E-09-4.37986E-09-1.20229E-08-1.85199E-08-2.37805E-08-2.77634E-08
-3.04736E-08-3.19573E-08-3.22971E-08-3.16051E-08-3.00164E-08-2.76821E-08
-2.47625E-08-2.14206E-08-1.78160E-08-1.40997E-08-1.04097E-08-6.86736E-09
-3.57502E-09-6.14082E-10 1.95558E-09 4.09562E-09 5.78842E-09 7.03568E-09
 7.85651E-09 8.28513E-09 8.36828E-09 8.16243E-09 7.73102E-09 7.14157E-09
 6.46293E-09 5.76265E-09 5.10450E-09 4.54616E-09 4.13713E-09 3.91685E-09
 3.91302E-09 4.14016E-09 4.59843E-09 5.27273E-09 6.13204E-09 7.12919E-09
 8.20105E-09 9.26912E-09 1.02408E-08 1.10112E-08 1.14660E-08 1.14842E-08
 1.09431E-08 9.72304E-09 7.71311E-09 4.81810E-09 9.65589E-10-3.88636E-09
-9.74138E-09-1.65572E-08-2.42386E-08-3.26313E-08-4.15176E-08-5.06136E-08
-5.95695E-08-6.79722E-08-7.53522E-08-8.11934E-08-8.49472E-08-8.60511E-08
-8.39500E-08-7.81224E-08-6.81088E-08-5.35421E-08 2.25938E-08 2.22848E-08
 2.14644E-08 2.05160E-08 1.99617E-08 2.03260E-08 2.20152E-08 2.52294E-08
 2.99361E-08 3.58863E-08 4.26624E-08 4.97430E-08 5.65663E-08 6.25882E-08
 6.73284E-08 7.04038E-08 7.15500E-08 7.06312E-08 6.76413E-08 6.26956E-08
 5.60172E-08 4.79169E-08 3.87697E-08 2.89887E-08 1.89989E-08 9.21275E-09
 8.05096E-12-8.28907E-09-1.54170E-08-2.11862E-08-2.54823E-08-2.82651E-08
-2.95636E-08-2.94689E-08-2.81240E-08-2.57133E-08-2.24499E-08-1.85638E-08
-1.42897E-08-9.85586E-09-5.47428E-09-1.33270E-09 2.41174E-09 5.63669E-09
 8.25672E-09 1.02235E-08 1.15243E-08 1.21788E-08 1.22349E-08 1.17636E-08
 1.08530E-08 9.60292E-09 8.11833E-09 6.50431E-09 4.86075E-09 3.27805E-09
 1.83354E-09 5.88730E-10-4.12457E-10-1.14468E-09-1.60127E-09-1.79354E-09
-1.74944E-09-1.51154E-09-1.13446E-09-6.81927E-10-2.23422E-10 1.69461E-10
 4.26822E-10 4.84378E-10 2.87391E-10-2.05504E-10-1.01869E-09-2.15636E-09
-3.59976E-09-5.30526E-09-7.20325E-09-9.19820E-09-1.11699E-08-1.29765E-08
-1.44586E-08-1.54456E-08-1.57634E-08-1.52438E-08-1.37349E-08-1.11134E-08
-7.29613E-09-2.25303E-09 3.98192E-09 1.13005E-08 1.95129E-08 2.83433E-08
 3.74299E-08 4.63296E-08 5.45282E-08 6.14567E-08 6.65128E-08 6.90888E-08
 6.86041E-08 6.45419E-08
  39 Y   4.177028846656E-01  1.902349930162E+00 -1.124084458734E-01
  39 Y   2.427297010891E+00 -1.902349930162E+00  2.555091456199E+00
  39 Y  -2.427297010891E+00  1.902349930162E+00 -2.555091456199E+00
  39 Y  -4.177028846656E-01 -1.902349930162E+00  1.124084458734E-01
  22 TI  2.844999895557E+00  0.000000000000E+00  0.000000000000E+00
  22 TI  1.263433755641E-15  0.000000000000E+00  2.667499902073E+00
  22 TI  0.000000000000E+00  3.804699860325E+00  2.667499902073E+00
  22 TI  2.844999895557E+00  3.804699860325E+00  0.000000000000E+00
   8 O   2.593217404800E+00  1.902349930162E+00  6.450014763210E-01
   8 O   2.517824907568E-01 -1.902349930162E+00 -2.022498425751E+00
   8 O  -2.517824907568E-01  1.902349930162E+00  2.022498425751E+00
   8 O  -2.593217404800E+00 -1.902349930162E+00 -6.450014763210E-01
   8 O   1.760542835368E+00  4.431714397306E-01 -1.652356139340E+00
   8 O   1.084457060188E+00 -4.431714397306E-01  1.015143762733E+00
   8 O  -1.084457060188E+00  3.361528420594E+00 -1.015143762733E+00
   8 O  -1.760542835368E+00 -3.361528420594E+00  1.652356139340E+00
   8 O  -1.760542835368E+00 -4.431714397306E-01  1.652356139340E+00
   8 O  -1.084457060188E+00  4.431714397306E-01 -1.015143762733E+00
   8 O   1.084457060188E+00 -3.361528420594E+00  1.015143762733E+00
   8 O   1.760542835368E+00  3.361528420594E+00 -1.652356139340E+00
  0.568999979111E+01  0.000000000000E+00  0.000000000000E+00
  0.000000000000E+00  0.760939972041E+01  0.000000000000E+00
  0.000000000000E+00  0.000000000000E+00  0.533499980390E+01
