   0.0000000e+00   2.9553388e-01   3.2319868e-01   2.8716169e-01   2.7049097e-01   2.7951317e-01
   1.0000000e-02   2.9552988e-01   3.2314308e-01   2.8716888e-01   2.7051599e-01   2.7950322e-01
   2.0000000e-02   2.9551786e-01   3.2297650e-01   2.8719039e-01   2.7059098e-01   2.7947343e-01
   3.0000000e-02   2.9549778e-01   3.2269950e-01   2.8722593e-01   2.7071560e-01   2.7942396e-01
   4.0000000e-02   2.9546957e-01   3.2231304e-01   2.8727508e-01   2.7088933e-01   2.7935505e-01
   5.0000000e-02   2.9543315e-01   3.2181847e-01   2.8733723e-01   2.7111145e-01   2.7926708e-01
   6.0000000e-02   2.9538837e-01   3.2121750e-01   2.8741161e-01   2.7138100e-01   2.7916050e-01
   7.0000000e-02   2.9533509e-01   3.2051219e-01   2.8749729e-01   2.7169686e-01   2.7903588e-01
   8.0000000e-02   2.9527311e-01   3.1970497e-01   2.8759320e-01   2.7205769e-01   2.7889388e-01
   9.0000000e-02   2.9520222e-01   3.1879861e-01   2.8769811e-01   2.7246193e-01   2.7873525e-01
   1.0000000e-01   2.9512214e-01   3.1779618e-01   2.8781069e-01   2.7290787e-01   2.7856084e-01
   1.1000000e-01   2.9503259e-01   3.1670109e-01   2.8792946e-01   2.7339360e-01   2.7837160e-01
   1.2000000e-01   2.9493323e-01   3.1551703e-01   2.8805284e-01   2.7391701e-01   2.7816855e-01
   1.3000000e-01   2.9482367e-01   3.1424797e-01   2.8817917e-01   2.7447583e-01   2.7795281e-01
   1.4000000e-01   2.9470348e-01   3.1289814e-01   2.8830671e-01   2.7506763e-01   2.7772558e-01
   1.5000000e-01   2.9457222e-01   3.1147199e-01   2.8843363e-01   2.7568981e-01   2.7748812e-01
   1.6000000e-01   2.9442934e-01   3.0997420e-01   2.8855806e-01   2.7633962e-01   2.7724178e-01
   1.7000000e-01   2.9427431e-01   3.0840966e-01   2.8867812e-01   2.7701416e-01   2.7698797e-01
   1.8000000e-01   2.9410652e-01   3.0678341e-01   2.8879186e-01   2.7771041e-01   2.7672818e-01
   1.9000000e-01   2.9392531e-01   3.0510066e-01   2.8889735e-01   2.7842523e-01   2.7646394e-01
   2.0000000e-01   2.9372999e-01   3.0336674e-01   2.8899267e-01   2.7915535e-01   2.7619684e-01
   2.1000000e-01   2.9351984e-01   3.0158709e-01   2.8907592e-01   2.7989741e-01   2.7592851e-01
   2.2000000e-01   2.9329408e-01   2.9976724e-01   2.8914522e-01   2.8064796e-01   2.7566064e-01
   2.3000000e-01   2.9305190e-01   2.9791277e-01   2.8919876e-01   2.8140347e-01   2.7539494e-01
   2.4000000e-01   2.9279248e-01   2.9602933e-01   2.8923478e-01   2.8216036e-01   2.7513314e-01
   2.5000000e-01   2.9251494e-01   2.9412256e-01   2.8925160e-01   2.8291499e-01   2.7487701e-01
   2.6000000e-01   2.9221841e-01   2.9219812e-01   2.8924761e-01   2.8366369e-01   2.7462832e-01
   2.7000000e-01   2.9190200e-01   2.9026163e-01   2.8922132e-01   2.8440277e-01   2.7438884e-01
   2.8000000e-01   2.9156480e-01   2.8831868e-01   2.8917132e-01   2.8512855e-01   2.7416036e-01
   2.9000000e-01   2.9120592e-01   2.8637480e-01   2.8909633e-01   2.8583734e-01   2.7394462e-01
   3.0000000e-01   2.9082447e-01   2.8443542e-01   2.8899518e-01   2.8652549e-01   2.7374336e-01
   3.1000000e-01   2.9041957e-01   2.8250589e-01   2.8886683e-01   2.8718940e-01   2.7355828e-01
   3.2000000e-01   2.8999038e-01   2.8059144e-01   2.8871038e-01   2.8782552e-01   2.7339105e-01
   3.3000000e-01   2.8953608e-01   2.7869715e-01   2.8852505e-01   2.8843040e-01   2.7324327e-01
   3.4000000e-01   2.8905592e-01   2.7682795e-01   2.8831020e-01   2.8900066e-01   2.7311647e-01
   3.5000000e-01   2.8854918e-01   2.7498862e-01   2.8806534e-01   2.8953304e-01   2.7301213e-01
   3.6000000e-01   2.8801521e-01   2.7318373e-01   2.8779010e-01   2.9002442e-01   2.7293161e-01
   3.7000000e-01   2.8745343e-01   2.7141769e-01   2.8748429e-01   2.9047182e-01   2.7287620e-01
   3.8000000e-01   2.8686335e-01   2.6969465e-01   2.8714781e-01   2.9087240e-01   2.7284704e-01
   3.9000000e-01   2.8624454e-01   2.6801859e-01   2.8678073e-01   2.9122353e-01   2.7284518e-01
   4.0000000e-01   2.8559669e-01   2.6639320e-01   2.8638323e-01   2.9152275e-01   2.7287151e-01
   4.1000000e-01   2.8491959e-01   2.6482198e-01   2.8595565e-01   2.9176780e-01   2.7292677e-01
   4.2000000e-01   2.8421314e-01   2.6330812e-01   2.8549843e-01   2.9195664e-01   2.7301155e-01
   4.3000000e-01   2.8347735e-01   2.6185458e-01   2.8501214e-01   2.9208748e-01   2.7312624e-01
   4.4000000e-01   2.8271234e-01   2.6046403e-01   2.8449746e-01   2.9215873e-01   2.7327105e-01
   4.5000000e-01   2.8191837e-01   2.5913887e-01   2.8395519e-01   2.9216907e-01   2.7344601e-01
   4.6000000e-01   2.8109582e-01   2.5788121e-01   2.8338620e-01   2.9211745e-01   2.7365091e-01
   4.7000000e-01   2.8024521e-01   2.5669286e-01   2.8279150e-01   2.9200306e-01   2.7388533e-01
   4.8000000e-01   2.7936716e-01   2.5557533e-01   2.8217216e-01   2.9182535e-01   2.7414862e-01
   4.9000000e-01   2.7846245e-01   2.5452986e-01   2.8152932e-01   2.9158407e-01   2.7443987e-01
   5.0000000e-01   2.7753197e-01   2.5355736e-01   2.8086420e-01   2.9127922e-01   2.7475794e-01
   5.1000000e-01   2.7657675e-01   2.5265844e-01   2.8017810e-01   2.9091108e-01   2.7510144e-01
   5.2000000e-01   2.7559793e-01   2.5183343e-01   2.7947234e-01   2.9048018e-01   2.7546870e-01
   5.3000000e-01   2.7459677e-01   2.5108233e-01   2.7874830e-01   2.8998734e-01   2.7585780e-01
   5.4000000e-01   2.7357467e-01   2.5040486e-01   2.7800741e-01   2.8943362e-01   2.7626655e-01
   5.5000000e-01   2.7253309e-01   2.4980045e-01   2.7725111e-01   2.8882034e-01   2.7669251e-01
   5.6000000e-01   2.7147362e-01   2.4926823e-01   2.7648085e-01   2.8814904e-01   2.7713295e-01
   5.7000000e-01   2.7039793e-01   2.4880705e-01   2.7569809e-01   2.8742151e-01   2.7758490e-01
   5.8000000e-01   2.6930779e-01   2.4841547e-01   2.7490431e-01   2.8663974e-01   2.7804516e-01
   5.9000000e-01   2.6820501e-01   2.4809181e-01   2.7410095e-01   2.8580591e-01   2.7851024e-01
   6.0000000e-01   2.6709148e-01   2.4783410e-01   2.7328944e-01   2.8492241e-01   2.7897646e-01
   6.1000000e-01   2.6596913e-01   2.4764012e-01   2.7247118e-01   2.8399176e-01   2.7943991e-01
   6.2000000e-01   2.6483993e-01   2.4750742e-01   2.7164753e-01   2.8301664e-01   2.7989648e-01
   6.3000000e-01   2.6370587e-01   2.4743332e-01   2.7081980e-01   2.8199985e-01   2.8034186e-01
   6.4000000e-01   2.6256894e-01   2.4741490e-01   2.6998924e-01   2.8094428e-01   2.8077160e-01
   6.5000000e-01   2.6143115e-01   2.4744904e-01   2.6915701e-01   2.7985290e-01   2.8118110e-01
   6.6000000e-01   2.6029447e-01   2.4753244e-01   2.6832423e-01   2.7872875e-01   2.8156564e-01
   6.7000000e-01   2.5916083e-01   2.4766159e-01   2.6749191e-01   2.7757488e-01   2.8192041e-01
   6.8000000e-01   2.5803214e-01   2.4783283e-01   2.6666095e-01   2.7639434e-01   2.8224054e-01
   6.9000000e-01   2.5691021e-01   2.4804233e-01   2.6583217e-01   2.7519019e-01   2.8252112e-01
   7.0000000e-01   2.5579679e-01   2.4828612e-01   2.6500626e-01   2.7396542e-01   2.8275725e-01
   7.1000000e-01   2.5469356e-01   2.4856011e-01   2.6418379e-01   2.7272297e-01   2.8294403e-01
   7.2000000e-01   2.5360205e-01   2.4886007e-01   2.6336522e-01   2.7146569e-01   2.8307664e-01
   7.3000000e-01   2.5252371e-01   2.4918170e-01   2.6255083e-01   2.7019632e-01   2.8315035e-01
   7.4000000e-01   2.5145984e-01   2.4952060e-01   2.6174081e-01   2.6891746e-01   2.8316055e-01
   7.5000000e-01   2.5041159e-01   2.4987229e-01   2.6093517e-01   2.6763157e-01   2.8310279e-01
   7.6000000e-01   2.4937996e-01   2.5023224e-01   2.6013377e-01   2.6634096e-01   2.8297280e-01
   7.7000000e-01   2.4836580e-01   2.5059588e-01   2.5933633e-01   2.6504772e-01   2.8276653e-01
   7.8000000e-01   2.4736976e-01   2.5095859e-01   2.5854239e-01   2.6375379e-01   2.8248020e-01
   7.9000000e-01   2.4639233e-01   2.5131575e-01   2.5775136e-01   2.6246085e-01   2.8211029e-01
   8.0000000e-01   2.4543377e-01   2.5166275e-01   2.5696247e-01   2.6117041e-01   2.8165359e-01
   8.1000000e-01   2.4449420e-01   2.5199496e-01   2.5617479e-01   2.5988371e-01   2.8110720e-01
   8.2000000e-01   2.4357348e-01   2.5230781e-01   2.5538724e-01   2.5860179e-01   2.8046862e-01
   8.3000000e-01   2.4267131e-01   2.5259675e-01   2.5459858e-01   2.5732544e-01   2.7973568e-01
   8.4000000e-01   2.4178716e-01   2.5285728e-01   2.5380745e-01   2.5605520e-01   2.7890661e-01
   8.5000000e-01   2.4092031e-01   2.5308499e-01   2.5301231e-01   2.5479139e-01   2.7798008e-01
   8.6000000e-01   2.4006983e-01   2.5327552e-01   2.5221150e-01   2.5353409e-01   2.7695513e-01
   8.7000000e-01   2.3923457e-01   2.5342464e-01   2.5140325e-01   2.5228314e-01   2.7583125e-01
   8.8000000e-01   2.3841322e-01   2.5352819e-01   2.5058566e-01   2.5103817e-01   2.7460837e-01
   8.9000000e-01   2.3760426e-01   2.5358216e-01   2.4975672e-01   2.4979860e-01   2.7328685e-01
   9.0000000e-01   2.3680598e-01   2.5358265e-01   2.4891436e-01   2.4856362e-01   2.7186746e-01
   9.1000000e-01   2.3601653e-01   2.5352593e-01   2.4805640e-01   2.4733225e-01   2.7035144e-01
   9.2000000e-01   2.3523387e-01   2.5340842e-01   2.4718062e-01   2.4610334e-01   2.6874042e-01
   9.3000000e-01   2.3445583e-01   2.5322669e-01   2.4628475e-01   2.4487556e-01   2.6703645e-01
   9.4000000e-01   2.3368010e-01   2.5297753e-01   2.4536648e-01   2.4364744e-01   2.6524197e-01
   9.5000000e-01   2.3290424e-01   2.5265790e-01   2.4442351e-01   2.4241740e-01   2.6335982e-01
   9.6000000e-01   2.3212575e-01   2.5226496e-01   2.4345353e-01   2.4118373e-01   2.6139317e-01
   9.7000000e-01   2.3134199e-01   2.5179611e-01   2.4245425e-01   2.3994463e-01   2.5934555e-01
   9.8000000e-01   2.3055030e-01   2.5124896e-01   2.4142346e-01   2.3869825e-01   2.5722080e-01
   9.9000000e-01   2.2974795e-01   2.5062136e-01   2.4035896e-01   2.3744268e-01   2.5502303e-01
   1.0000000e+00   2.2893219e-01   2.4991139e-01   2.3925866e-01   2.3617597e-01   2.5275663e-01
   1.0100000e+00   2.2810025e-01   2.4911742e-01   2.3812057e-01   2.3489616e-01   2.5042620e-01
   1.0200000e+00   2.2724941e-01   2.4823803e-01   2.3694281e-01   2.3360132e-01   2.4803654e-01
   1.0300000e+00   2.2637693e-01   2.4727212e-01   2.3572361e-01   2.3228953e-01   2.4559262e-01
   1.0400000e+00   2.2548016e-01   2.4621881e-01   2.3446137e-01   2.3095892e-01   2.4309953e-01
   1.0500000e+00   2.2455652e-01   2.4507752e-01   2.3315465e-01   2.2960767e-01   2.4056246e-01
   1.0600000e+00   2.2360351e-01   2.4384796e-01   2.3180219e-01   2.2823407e-01   2.3798668e-01
   1.0700000e+00   2.2261875e-01   2.4253011e-01   2.3040290e-01   2.2683649e-01   2.3537746e-01
   1.0800000e+00   2.2159998e-01   2.4112422e-01   2.2895589e-01   2.2541339e-01   2.3274009e-01
   1.0900000e+00   2.2054509e-01   2.3963084e-01   2.2746049e-01   2.2396339e-01   2.3007982e-01
   1.1000000e+00   2.1945214e-01   2.3805079e-01   2.2591624e-01   2.2248522e-01   2.2740183e-01
   1.1100000e+00   2.1831934e-01   2.3638518e-01   2.2432290e-01   2.2097777e-01   2.2471121e-01
   1.1200000e+00   2.1714513e-01   2.3463539e-01   2.2268044e-01   2.1944007e-01   2.2201293e-01
   1.1300000e+00   2.1592810e-01   2.3280305e-01   2.2098909e-01   2.1787131e-01   2.1931181e-01
   1.1400000e+00   2.1466710e-01   2.3089009e-01   2.1924928e-01   2.1627088e-01   2.1661248e-01
   1.1500000e+00   2.1336115e-01   2.2889865e-01   2.1746167e-01   2.1463830e-01   2.1391941e-01
   1.1600000e+00   2.1200953e-01   2.2683116e-01   2.1562715e-01   2.1297330e-01   2.1123683e-01
   1.1700000e+00   2.1061174e-01   2.2469026e-01   2.1374683e-01   2.1127577e-01   2.0856873e-01
   1.1800000e+00   2.0916751e-01   2.2247882e-01   2.1182203e-01   2.0954577e-01   2.0591886e-01
   1.1900000e+00   2.0767680e-01   2.2019992e-01   2.0985428e-01   2.0778356e-01   2.0329073e-01
   1.2000000e+00   2.0613981e-01   2.1785686e-01   2.0784530e-01   2.0598955e-01   2.0068755e-01
   1.2100000e+00   2.0455697e-01   2.1545309e-01   2.0579698e-01   2.0416435e-01   1.9811225e-01
   1.2200000e+00   2.0292894e-01   2.1299227e-01   2.0371142e-01   2.0230871e-01   1.9556750e-01
   1.2300000e+00   2.0125659e-01   2.1047820e-01   2.0159085e-01   2.0042354e-01   1.9305567e-01
   1.2400000e+00   1.9954102e-01   2.0791480e-01   1.9943766e-01   1.9850993e-01   1.9057883e-01
   1.2500000e+00   1.9778352e-01   2.0530615e-01   1.9725436e-01   1.9656910e-01   1.8813877e-01
   1.2600000e+00   1.9598559e-01   2.0265642e-01   1.9504358e-01   1.9460239e-01   1.8573700e-01
   1.2700000e+00   1.9414892e-01   1.9996985e-01   1.9280807e-01   1.9261129e-01   1.8337476e-01
   1.2800000e+00   1.9227534e-01   1.9725079e-01   1.9055064e-01   1.9059742e-01   1.8105301e-01
   1.2900000e+00   1.9036687e-01   1.9450360e-01   1.8827417e-01   1.8856248e-01   1.7877244e-01
   1.3000000e+00   1.8842568e-01   1.9173272e-01   1.8598160e-01   1.8650827e-01   1.7653351e-01
   1.3100000e+00   1.8645404e-01   1.8894258e-01   1.8367590e-01   1.8443671e-01   1.7433644e-01
   1.3200000e+00   1.8445435e-01   1.8613761e-01   1.8136005e-01   1.8234975e-01   1.7218121e-01
   1.3300000e+00   1.8242913e-01   1.8332223e-01   1.7903704e-01   1.8024943e-01   1.7006760e-01
   1.3400000e+00   1.8038094e-01   1.8050084e-01   1.7670985e-01   1.7813785e-01   1.6799521e-01
   1.3500000e+00   1.7831246e-01   1.7767777e-01   1.7438143e-01   1.7601713e-01   1.6596344e-01
   1.3600000e+00   1.7622636e-01   1.7485730e-01   1.7205467e-01   1.7388942e-01   1.6397155e-01
   1.3700000e+00   1.7412540e-01   1.7204362e-01   1.6973242e-01   1.7175691e-01   1.6201864e-01
   1.3800000e+00   1.7201232e-01   1.6924082e-01   1.6741746e-01   1.6962178e-01   1.6010369e-01
   1.3900000e+00   1.6988988e-01   1.6645290e-01   1.6511248e-01   1.6748621e-01   1.5822558e-01
   1.4000000e+00   1.6776083e-01   1.6368372e-01   1.6282008e-01   1.6535235e-01   1.5638308e-01
   1.4100000e+00   1.6562790e-01   1.6093701e-01   1.6054276e-01   1.6322236e-01   1.5457491e-01
   1.4200000e+00   1.6349375e-01   1.5821637e-01   1.5828291e-01   1.6109834e-01   1.5279970e-01
   1.4300000e+00   1.6136103e-01   1.5552523e-01   1.5604279e-01   1.5898235e-01   1.5105606e-01
   1.4400000e+00   1.5923228e-01   1.5286685e-01   1.5382456e-01   1.5687640e-01   1.4934256e-01
   1.4500000e+00   1.5711001e-01   1.5024432e-01   1.5163021e-01   1.5478246e-01   1.4765777e-01
   1.4600000e+00   1.5499661e-01   1.4766056e-01   1.4946162e-01   1.5270239e-01   1.4600025e-01
   1.4700000e+00   1.5289439e-01   1.4511829e-01   1.4732053e-01   1.5063801e-01   1.4436858e-01
   1.4800000e+00   1.5080555e-01   1.4262005e-01   1.4520852e-01   1.4859106e-01   1.4276135e-01
   1.4900000e+00   1.4873218e-01   1.4016817e-01   1.4312704e-01   1.4656317e-01   1.4117719e-01
   1.5000000e+00   1.4667626e-01   1.3776479e-01   1.4107740e-01   1.4455589e-01   1.3961479e-01
   1.5100000e+00   1.4463965e-01   1.3541183e-01   1.3906074e-01   1.4257069e-01   1.3807288e-01
   1.5200000e+00   1.4262406e-01   1.3311101e-01   1.3707808e-01   1.4060892e-01   1.3655024e-01
   1.5300000e+00   1.4063110e-01   1.3086387e-01   1.3513029e-01   1.3867183e-01   1.3504574e-01
   1.5400000e+00   1.3866224e-01   1.2867171e-01   1.3321809e-01   1.3676057e-01   1.3355830e-01
   1.5500000e+00   1.3671881e-01   1.2653565e-01   1.3134208e-01   1.3487618e-01   1.3208693e-01
   1.5600000e+00   1.3480200e-01   1.2445658e-01   1.2950271e-01   1.3301959e-01   1.3063072e-01
   1.5700000e+00   1.3291290e-01   1.2243522e-01   1.2770031e-01   1.3119164e-01   1.2918882e-01
   1.5800000e+00   1.3105242e-01   1.2047208e-01   1.2593510e-01   1.2939303e-01   1.2776048e-01
   1.5900000e+00   1.2922139e-01   1.1856748e-01   1.2420714e-01   1.2762437e-01   1.2634504e-01
   1.6000000e+00   1.2742049e-01   1.1672155e-01   1.2251643e-01   1.2588617e-01   1.2494191e-01
   1.6100000e+00   1.2565026e-01   1.1493424e-01   1.2086281e-01   1.2417881e-01   1.2355056e-01
   1.6200000e+00   1.2391116e-01   1.1320532e-01   1.1924606e-01   1.2250258e-01   1.2217058e-01
   1.6300000e+00   1.2220350e-01   1.1153441e-01   1.1766585e-01   1.2085769e-01   1.2080161e-01
   1.6400000e+00   1.2052750e-01   1.0992094e-01   1.1612174e-01   1.1924421e-01   1.1944337e-01
   1.6500000e+00   1.1888327e-01   1.0836420e-01   1.1461324e-01   1.1766216e-01   1.1809564e-01
   1.6600000e+00   1.1727081e-01   1.0686335e-01   1.1313977e-01   1.1611142e-01   1.1675827e-01
   1.6700000e+00   1.1569005e-01   1.0541738e-01   1.1170069e-01   1.1459184e-01   1.1543118e-01
   1.6800000e+00   1.1414081e-01   1.0402518e-01   1.1029527e-01   1.1310314e-01   1.1411433e-01
   1.6900000e+00   1.1262284e-01   1.0268550e-01   1.0892277e-01   1.1164499e-01   1.1280774e-01
   1.7000000e+00   1.1113580e-01   1.0139699e-01   1.0758235e-01   1.1021698e-01   1.1151147e-01
   1.7100000e+00   1.0967932e-01   1.0015819e-01   1.0627317e-01   1.0881863e-01   1.1022563e-01
   1.7200000e+00   1.0825291e-01   9.8967550e-02   1.0499433e-01   1.0744941e-01   1.0895034e-01
   1.7300000e+00   1.0685607e-01   9.7823443e-02   1.0374491e-01   1.0610872e-01   1.0768578e-01
   1.7400000e+00   1.0548822e-01   9.6724162e-02   1.0252395e-01   1.0479592e-01   1.0643213e-01
   1.7500000e+00   1.0414877e-01   9.5667936e-02   1.0133048e-01   1.0351031e-01   1.0518962e-01
   1.7600000e+00   1.0283705e-01   9.4652940e-02   1.0016352e-01   1.0225118e-01   1.0395846e-01
   1.7700000e+00   1.0155238e-01   9.3677301e-02   9.9022085e-02   1.0101777e-01   1.0273888e-01
   1.7800000e+00   1.0029406e-01   9.2739112e-02   9.7905168e-02   9.9809268e-02   1.0153114e-01
   1.7900000e+00   9.9061351e-02   9.1836435e-02   9.6811777e-02   9.8624882e-02   1.0033546e-01
   1.8000000e+00   9.7853503e-02   9.0967316e-02   9.5740920e-02   9.7463777e-02   9.9152096e-02
   1.8100000e+00   9.6669756e-02   9.0129786e-02   9.4691614e-02   9.6325113e-02   9.7981274e-02
   1.8200000e+00   9.5509340e-02   8.9321877e-02   9.3662892e-02   9.5208043e-02   9.6823221e-02
   1.8300000e+00   9.4371485e-02   8.8541622e-02   9.2653799e-02   9.4111717e-02   9.5678146e-02
   1.8400000e+00   9.3255418e-02   8.7787070e-02   9.1663401e-02   9.3035289e-02   9.4546248e-02
   1.8500000e+00   9.2160372e-02   8.7056288e-02   9.0690787e-02   9.1977919e-02   9.3427706e-02
   1.8600000e+00   9.1085588e-02   8.6347369e-02   8.9735070e-02   9.0938779e-02   9.2322682e-02
   1.8700000e+00   9.0030318e-02   8.5658441e-02   8.8795391e-02   8.9917055e-02   9.1231315e-02
   1.8800000e+00   8.8993826e-02   8.4987669e-02   8.7870920e-02   8.8911953e-02   9.0153725e-02
   1.8900000e+00   8.7975396e-02   8.4333262e-02   8.6960857e-02   8.7922700e-02   8.9090008e-02
   1.9000000e+00   8.6974326e-02   8.3693481e-02   8.6064437e-02   8.6948549e-02   8.8040235e-02
   1.9100000e+00   8.5989939e-02   8.3066641e-02   8.5180927e-02   8.5988778e-02   8.7004455e-02
   1.9200000e+00   8.5021577e-02   8.2451115e-02   8.4309629e-02   8.5042698e-02   8.5982694e-02
   1.9300000e+00   8.4068608e-02   8.1845340e-02   8.3449882e-02   8.4109650e-02   8.4974951e-02
   1.9400000e+00   8.3130424e-02   8.1247818e-02   8.2601061e-02   8.3189010e-02   8.3981205e-02
   1.9500000e+00   8.2206446e-02   8.0657123e-02   8.1762578e-02   8.2280189e-02   8.3001410e-02
   1.9600000e+00   8.1296118e-02   8.0071898e-02   8.0933880e-02   8.1382632e-02   8.2035500e-02
   1.9700000e+00   8.0398915e-02   7.9490863e-02   8.0114453e-02   8.0495824e-02   8.1083385e-02
   1.9800000e+00   7.9514337e-02   7.8912815e-02   7.9303819e-02   7.9619287e-02   8.0144958e-02
   1.9900000e+00   7.8641916e-02   7.8336625e-02   7.8501536e-02   7.8752580e-02   7.9220093e-02
   2.0000000e+00   7.7781210e-02   7.7761247e-02   7.7707196e-02   7.7895299e-02   7.8308644e-02
   2.0100000e+00   7.6931804e-02   7.7185712e-02   7.6920430e-02   7.7047079e-02   7.7410452e-02
   2.0200000e+00   7.6093315e-02   7.6609133e-02   7.6140899e-02   7.6207592e-02   7.6525342e-02
   2.0300000e+00   7.5265383e-02   7.6030700e-02   7.5368299e-02   7.5376547e-02   7.5653127e-02
   2.0400000e+00   7.4447678e-02   7.5449685e-02   7.4602358e-02   7.4553686e-02   7.4793609e-02
   2.0500000e+00   7.3639894e-02   7.4865438e-02   7.3842835e-02   7.3738786e-02   7.3946577e-02
   2.0600000e+00   7.2841754e-02   7.4277388e-02   7.3089518e-02   7.2931659e-02   7.3111817e-02
   2.0700000e+00   7.2053001e-02   7.3685039e-02   7.2342224e-02   7.2132146e-02   7.2289104e-02
   2.0800000e+00   7.1273405e-02   7.3087971e-02   7.1600797e-02   7.1340118e-02   7.1478211e-02
   2.0900000e+00   7.0502757e-02   7.2485838e-02   7.0865106e-02   7.0555477e-02   7.0678905e-02
   2.1000000e+00   6.9740872e-02   7.1878365e-02   7.0135044e-02   6.9778147e-02   6.9890951e-02
   2.1100000e+00   6.8987581e-02   7.1265346e-02   6.9410526e-02   6.9008080e-02   6.9114115e-02
   2.1200000e+00   6.8242739e-02   7.0646643e-02   6.8691491e-02   6.8245250e-02   6.8348163e-02
   2.1300000e+00   6.7506216e-02   7.0022183e-02   6.7977893e-02   6.7489648e-02   6.7592860e-02
   2.1400000e+00   6.6777899e-02   6.9391952e-02   6.7269707e-02   6.6741289e-02   6.6847976e-02
   2.1500000e+00   6.6057691e-02   6.8755999e-02   6.6566924e-02   6.6000201e-02   6.6113285e-02
   2.1600000e+00   6.5345511e-02   6.8114425e-02   6.5869550e-02   6.5266426e-02   6.5388564e-02
   2.1700000e+00   6.4641288e-02   6.7467387e-02   6.5177603e-02   6.4540020e-02   6.4673597e-02
   2.1800000e+00   6.3944964e-02   6.6815092e-02   6.4491115e-02   6.3821049e-02   6.3968173e-02
   2.1900000e+00   6.3256492e-02   6.6157791e-02   6.3810128e-02   6.3109586e-02   6.3272088e-02
   2.2000000e+00   6.2575834e-02   6.5495782e-02   6.3134691e-02   6.2405714e-02   6.2585145e-02
   2.2100000e+00   6.1902959e-02   6.4829401e-02   6.2464865e-02   6.1709517e-02   6.1907155e-02
   2.2200000e+00   6.1237844e-02   6.4159022e-02   6.1800714e-02   6.1021084e-02   6.1237937e-02
   2.2300000e+00   6.0580471e-02   6.3485053e-02   6.1142309e-02   6.0340504e-02   6.0577318e-02
   2.2400000e+00   5.9930829e-02   6.2807931e-02   6.0489724e-02   5.9667868e-02   5.9925133e-02
   2.2500000e+00   5.9288907e-02   6.2128122e-02   5.9843039e-02   5.9003261e-02   5.9281225e-02
   2.2600000e+00   5.8654698e-02   6.1446115e-02   5.9202332e-02   5.8346770e-02   5.8645447e-02
   2.2700000e+00   5.8028199e-02   6.0762420e-02   5.8567686e-02   5.7698473e-02   5.8017657e-02
   2.2800000e+00   5.7409405e-02   6.0077565e-02   5.7939179e-02   5.7058445e-02   5.7397725e-02
   2.2900000e+00   5.6798312e-02   5.9392091e-02   5.7316894e-02   5.6426754e-02   5.6785524e-02
   2.3000000e+00   5.6194915e-02   5.8706552e-02   5.6700908e-02   5.5803460e-02   5.6180939e-02
   2.3100000e+00   5.5599207e-02   5.8021509e-02   5.6091298e-02   5.5188613e-02   5.5583860e-02
   2.3200000e+00   5.5011181e-02   5.7337532e-02   5.5488137e-02   5.4582257e-02   5.4994182e-02
   2.3300000e+00   5.4430824e-02   5.6655189e-02   5.4891494e-02   5.3984423e-02   5.4411809e-02
   2.3400000e+00   5.3858123e-02   5.5975051e-02   5.4301434e-02   5.3395134e-02   5.3836649e-02
   2.3500000e+00   5.3293059e-02   5.5297688e-02   5.3718019e-02   5.2814401e-02   5.3268617e-02
   2.3600000e+00   5.2735610e-02   5.4623661e-02   5.3141302e-02   5.2242224e-02   5.2707631e-02
   2.3700000e+00   5.2185748e-02   5.3953527e-02   5.2571335e-02   5.1678592e-02   5.2153613e-02
   2.3800000e+00   5.1643442e-02   5.3287833e-02   5.2008160e-02   5.1123483e-02   5.1606490e-02
   2.3900000e+00   5.1108655e-02   5.2627114e-02   5.1451815e-02   5.0576864e-02   5.1066193e-02
   2.4000000e+00   5.0581345e-02   5.1971889e-02   5.0902331e-02   5.0038688e-02   5.0532654e-02
   2.4100000e+00   5.0061464e-02   5.1322666e-02   5.0359732e-02   4.9508901e-02   5.0005806e-02
   2.4200000e+00   4.9548960e-02   5.0679932e-02   4.9824036e-02   4.8987435e-02   4.9485588e-02
   2.4300000e+00   4.9043774e-02   5.0044157e-02   4.9295253e-02   4.8474213e-02   4.8971936e-02
   2.4400000e+00   4.8545843e-02   4.9415789e-02   4.8773385e-02   4.7969147e-02   4.8464789e-02
   2.4500000e+00   4.8055096e-02   4.8795254e-02   4.8258431e-02   4.7472139e-02   4.7964085e-02
   2.4600000e+00   4.7571460e-02   4.8182958e-02   4.7750378e-02   4.6983083e-02   4.7469763e-02
   2.4700000e+00   4.7094855e-02   4.7579279e-02   4.7249210e-02   4.6501862e-02   4.6981761e-02
   2.4800000e+00   4.6625196e-02   4.6984572e-02   4.6754901e-02   4.6028352e-02   4.6500017e-02
   2.4900000e+00   4.6162392e-02   4.6399164e-02   4.6267420e-02   4.5562422e-02   4.6024467e-02
   2.5000000e+00   4.5706351e-02   4.5823358e-02   4.5786728e-02   4.5103933e-02   4.5555046e-02
   2.5100000e+00   4.5256973e-02   4.5257428e-02   4.5312781e-02   4.4652739e-02   4.5091687e-02
   2.5200000e+00   4.4814155e-02   4.4701618e-02   4.4845527e-02   4.4208689e-02   4.4634322e-02
   2.5300000e+00   4.4377791e-02   4.4156148e-02   4.4384909e-02   4.3771627e-02   4.4182880e-02
   2.5400000e+00   4.3947770e-02   4.3621205e-02   4.3930862e-02   4.3341391e-02   4.3737290e-02
   2.5500000e+00   4.3523979e-02   4.3096952e-02   4.3483318e-02   4.2917817e-02   4.3297475e-02
   2.5600000e+00   4.3106302e-02   4.2583520e-02   4.3042202e-02   4.2500736e-02   4.2863361e-02
   2.5700000e+00   4.2694621e-02   4.2081012e-02   4.2607432e-02   4.2089979e-02   4.2434866e-02
   2.5800000e+00   4.2288812e-02   4.1589504e-02   4.2178925e-02   4.1685371e-02   4.2011911e-02
   2.5900000e+00   4.1888755e-02   4.1109042e-02   4.1756590e-02   4.1286740e-02   4.1594410e-02
   2.6000000e+00   4.1494324e-02   4.0639646e-02   4.1340331e-02   4.0893911e-02   4.1182279e-02
   2.6100000e+00   4.1105393e-02   4.0181308e-02   4.0930052e-02   4.0506709e-02   4.0775430e-02
   2.6200000e+00   4.0721836e-02   3.9733994e-02   4.0525649e-02   4.0124960e-02   4.0373773e-02
   2.6300000e+00   4.0343525e-02   3.9297645e-02   4.0127015e-02   3.9748489e-02   3.9977216e-02
   2.6400000e+00   3.9970333e-02   3.8872174e-02   3.9734043e-02   3.9377126e-02   3.9585666e-02
   2.6500000e+00   3.9602133e-02   3.8457472e-02   3.9346619e-02   3.9010701e-02   3.9199028e-02
   2.6600000e+00   3.9238797e-02   3.8053408e-02   3.8964628e-02   3.8649045e-02   3.8817206e-02
   2.6700000e+00   3.8880198e-02   3.7659825e-02   3.8587954e-02   3.8291993e-02   3.8440103e-02
   2.6800000e+00   3.8526212e-02   3.7276547e-02   3.8216478e-02   3.7939385e-02   3.8067621e-02
   2.6900000e+00   3.8176714e-02   3.6903377e-02   3.7850078e-02   3.7591062e-02   3.7699660e-02
   2.7000000e+00   3.7831580e-02   3.6540101e-02   3.7488633e-02   3.7246869e-02   3.7336122e-02
   2.7100000e+00   3.7490690e-02   3.6186483e-02   3.7132020e-02   3.6906657e-02   3.6976908e-02
   2.7200000e+00   3.7153924e-02   3.5842274e-02   3.6780114e-02   3.6570279e-02   3.6621917e-02
   2.7300000e+00   3.6821164e-02   3.5507208e-02   3.6432793e-02   3.6237593e-02   3.6271051e-02
   2.7400000e+00   3.6492296e-02   3.5181004e-02   3.6089930e-02   3.5908464e-02   3.5924211e-02
   2.7500000e+00   3.6167206e-02   3.4863369e-02   3.5751403e-02   3.5582760e-02   3.5581298e-02
   2.7600000e+00   3.5845784e-02   3.4554000e-02   3.5417087e-02   3.5260353e-02   3.5242216e-02
   2.7700000e+00   3.5527923e-02   3.4252580e-02   3.5086860e-02   3.4941122e-02   3.4906869e-02
   2.7800000e+00   3.5213518e-02   3.3958786e-02   3.4760600e-02   3.4624952e-02   3.4575161e-02
   2.7900000e+00   3.4902467e-02   3.3672286e-02   3.4438185e-02   3.4311729e-02   3.4247000e-02
   2.8000000e+00   3.4594670e-02   3.3392743e-02   3.4119496e-02   3.4001350e-02   3.3922294e-02
   2.8100000e+00   3.4290033e-02   3.3119814e-02   3.3804417e-02   3.3693712e-02   3.3600953e-02
   2.8200000e+00   3.3988463e-02   3.2853153e-02   3.3492831e-02   3.3388721e-02   3.3282890e-02
   2.8300000e+00   3.3689870e-02   3.2592409e-02   3.3184625e-02   3.3086286e-02   3.2968019e-02
   2.8400000e+00   3.3394167e-02   3.2337234e-02   3.2879687e-02   3.2786322e-02   3.2656256e-02
   2.8500000e+00   3.3101271e-02   3.2087276e-02   3.2577909e-02   3.2488748e-02   3.2347522e-02
   2.8600000e+00   3.2811103e-02   3.1842188e-02   3.2279185e-02   3.2193489e-02   3.2041737e-02
   2.8700000e+00   3.2523586e-02   3.1601622e-02   3.1983412e-02   3.1900476e-02   3.1738826e-02
   2.8800000e+00   3.2238646e-02   3.1365236e-02   3.1690490e-02   3.1609641e-02   3.1438716e-02
   2.8900000e+00   3.1956212e-02   3.1132690e-02   3.1400322e-02   3.1320923e-02   3.1141337e-02
   2.9000000e+00   3.1676218e-02   3.0903652e-02   3.1112814e-02   3.1034266e-02   3.0846620e-02
   2.9100000e+00   3.1398599e-02   3.0677796e-02   3.0827876e-02   3.0749617e-02   3.0554501e-02
   2.9200000e+00   3.1123293e-02   3.0454802e-02   3.0545420e-02   3.0466926e-02   3.0264918e-02
   2.9300000e+00   3.0850243e-02   3.0234360e-02   3.0265364e-02   3.0186150e-02   2.9977812e-02
   2.9400000e+00   3.0579394e-02   3.0016167e-02   2.9987628e-02   2.9907248e-02   2.9693127e-02
   2.9500000e+00   3.0310692e-02   2.9799934e-02   2.9712136e-02   2.9630181e-02   2.9410808e-02
   2.9600000e+00   3.0044088e-02   2.9585378e-02   2.9438815e-02   2.9354917e-02   2.9130806e-02
   2.9700000e+00   2.9779535e-02   2.9372229e-02   2.9167596e-02   2.9081423e-02   2.8853072e-02
   2.9800000e+00   2.9516988e-02   2.9160231e-02   2.8898415e-02   2.8809673e-02   2.8577560e-02
   2.9900000e+00   2.9256405e-02   2.8949137e-02   2.8631211e-02   2.8539641e-02   2.8304229e-02
   3.0000000e+00   2.8997747e-02   2.8738714e-02   2.8365925e-02   2.8271306e-02   2.8033037e-02
   3.0100000e+00   2.8740977e-02   2.8528743e-02   2.8102505e-02   2.8004647e-02   2.7763948e-02
   3.0200000e+00   2.8486059e-02   2.8319017e-02   2.7840900e-02   2.7739647e-02   2.7496926e-02
   3.0300000e+00   2.8232960e-02   2.8109346e-02   2.7581065e-02   2.7476292e-02   2.7231937e-02
   3.0400000e+00   2.7981650e-02   2.7899549e-02   2.7322955e-02   2.7214569e-02   2.6968952e-02
   3.0500000e+00   2.7732100e-02   2.7689464e-02   2.7066532e-02   2.6954465e-02   2.6707942e-02
   3.0600000e+00   2.7484283e-02   2.7478940e-02   2.6811760e-02   2.6695973e-02   2.6448880e-02
   3.0700000e+00   2.7238174e-02   2.7267843e-02   2.6558607e-02   2.6439084e-02   2.6191742e-02
   3.0800000e+00   2.6993749e-02   2.7056051e-02   2.6307043e-02   2.6183792e-02   2.5936506e-02
   3.0900000e+00   2.6750986e-02   2.6843457e-02   2.6057044e-02   2.5930093e-02   2.5683149e-02
   3.1000000e+00   2.6509866e-02   2.6629969e-02   2.5808586e-02   2.5677982e-02   2.5431655e-02
   3.1100000e+00   2.6270369e-02   2.6415508e-02   2.5561649e-02   2.5427458e-02   2.5182003e-02
   3.1200000e+00   2.6032478e-02   2.6200011e-02   2.5316216e-02   2.5178518e-02   2.4934180e-02
   3.1300000e+00   2.5796177e-02   2.5983424e-02   2.5072274e-02   2.4931163e-02   2.4688169e-02
   3.1400000e+00   2.5561450e-02   2.5765711e-02   2.4829812e-02   2.4685393e-02   2.4443958e-02
   3.1500000e+00   2.5328285e-02   2.5546846e-02   2.4588820e-02   2.4441209e-02   2.4201535e-02
   3.1600000e+00   2.5096668e-02   2.5326818e-02   2.4349292e-02   2.4198612e-02   2.3960887e-02
   3.1700000e+00   2.4866587e-02   2.5105625e-02   2.4111224e-02   2.3957606e-02   2.3722006e-02
   3.1800000e+00   2.4638032e-02   2.4883278e-02   2.3874613e-02   2.3718191e-02   2.3484881e-02
   3.1900000e+00   2.4410994e-02   2.4659802e-02   2.3639461e-02   2.3480373e-02   2.3249505e-02
   3.2000000e+00   2.4185462e-02   2.4435228e-02   2.3405769e-02   2.3244154e-02   2.3015870e-02
   3.2100000e+00   2.3961429e-02   2.4209602e-02   2.3173539e-02   2.3009538e-02   2.2783969e-02
   3.2200000e+00   2.3738887e-02   2.3982974e-02   2.2942779e-02   2.2776529e-02   2.2553797e-02
   3.2300000e+00   2.3517830e-02   2.3755409e-02   2.2713494e-02   2.2545131e-02   2.2325347e-02
   3.2400000e+00   2.3298251e-02   2.3526978e-02   2.2485692e-02   2.2315350e-02   2.2098614e-02
   3.2500000e+00   2.3080145e-02   2.3297758e-02   2.2259383e-02   2.2087189e-02   2.1873594e-02
   3.2600000e+00   2.2863506e-02   2.3067836e-02   2.2034577e-02   2.1860653e-02   2.1650282e-02
   3.2700000e+00   2.2648329e-02   2.2837306e-02   2.1811284e-02   2.1635747e-02   2.1428674e-02
   3.2800000e+00   2.2434612e-02   2.2606267e-02   2.1589518e-02   2.1412475e-02   2.1208768e-02
   3.2900000e+00   2.2222350e-02   2.2374822e-02   2.1369290e-02   2.1190842e-02   2.0990559e-02
   3.3000000e+00   2.2011539e-02   2.2143083e-02   2.1150614e-02   2.0970853e-02   2.0774044e-02
   3.3100000e+00   2.1802177e-02   2.1911163e-02   2.0933504e-02   2.0752512e-02   2.0559220e-02
   3.3200000e+00   2.1594262e-02   2.1679179e-02   2.0717973e-02   2.0535823e-02   2.0346084e-02
   3.3300000e+00   2.1387790e-02   2.1447252e-02   2.0504036e-02   2.0320791e-02   2.0134634e-02
   3.3400000e+00   2.1182760e-02   2.1215506e-02   2.0291706e-02   2.0107420e-02   1.9924867e-02
   3.3500000e+00   2.0979170e-02   2.0984066e-02   2.0080998e-02   1.9895714e-02   1.9716780e-02
   3.3600000e+00   2.0777018e-02   2.0753058e-02   1.9871927e-02   1.9685676e-02   1.9510371e-02
   3.3700000e+00   2.0576303e-02   2.0522610e-02   1.9664506e-02   1.9477311e-02   1.9305636e-02
   3.3800000e+00   2.0377024e-02   2.0292850e-02   1.9458748e-02   1.9270622e-02   1.9102574e-02
   3.3900000e+00   2.0179179e-02   2.0063904e-02   1.9254668e-02   1.9065612e-02   1.8901182e-02
   3.4000000e+00   1.9982769e-02   1.9835900e-02   1.9052278e-02   1.8862284e-02   1.8701457e-02
   3.4100000e+00   1.9787791e-02   1.9608963e-02   1.8851590e-02   1.8660641e-02   1.8503395e-02
   3.4200000e+00   1.9594246e-02   1.9383216e-02   1.8652616e-02   1.8460686e-02   1.8306996e-02
   3.4300000e+00   1.9402133e-02   1.9158780e-02   1.8455368e-02   1.8262421e-02   1.8112255e-02
   3.4400000e+00   1.9211451e-02   1.8935776e-02   1.8259855e-02   1.8065847e-02   1.7919170e-02
   3.4500000e+00   1.9022199e-02   1.8714319e-02   1.8066088e-02   1.7870968e-02   1.7727737e-02
   3.4600000e+00   1.8834378e-02   1.8494521e-02   1.7874075e-02   1.7677784e-02   1.7537954e-02
   3.4700000e+00   1.8647987e-02   1.8276492e-02   1.7683824e-02   1.7486296e-02   1.7349818e-02
   3.4800000e+00   1.8463026e-02   1.8060336e-02   1.7495343e-02   1.7296506e-02   1.7163324e-02
   3.4900000e+00   1.8279494e-02   1.7846154e-02   1.7308638e-02   1.7108415e-02   1.6978470e-02
   3.5000000e+00   1.8097391e-02   1.7634042e-02   1.7123715e-02   1.6922023e-02   1.6795252e-02
   3.5100000e+00   1.7916716e-02   1.7424091e-02   1.6940577e-02   1.6737329e-02   1.6613667e-02
   3.5200000e+00   1.7737470e-02   1.7216388e-02   1.6759228e-02   1.6554335e-02   1.6433710e-02
   3.5300000e+00   1.7559651e-02   1.7011013e-02   1.6579671e-02   1.6373038e-02   1.6255378e-02
   3.5400000e+00   1.7383259e-02   1.6808042e-02   1.6401908e-02   1.6193440e-02   1.6078666e-02
   3.5500000e+00   1.7208294e-02   1.6607546e-02   1.6225938e-02   1.6015537e-02   1.5903571e-02
   3.5600000e+00   1.7034755e-02   1.6409588e-02   1.6051762e-02   1.5839330e-02   1.5730088e-02
   3.5700000e+00   1.6862642e-02   1.6214227e-02   1.5879377e-02   1.5664816e-02   1.5558214e-02
   3.5800000e+00   1.6691952e-02   1.6021516e-02   1.5708783e-02   1.5491993e-02   1.5387942e-02
   3.5900000e+00   1.6522687e-02   1.5831503e-02   1.5539975e-02   1.5320859e-02   1.5219270e-02
   3.6000000e+00   1.6354843e-02   1.5644227e-02   1.5372948e-02   1.5151411e-02   1.5052191e-02
   3.6100000e+00   1.6188421e-02   1.5459726e-02   1.5207699e-02   1.4983646e-02   1.4886702e-02
   3.6200000e+00   1.6023420e-02   1.5278028e-02   1.5044221e-02   1.4817560e-02   1.4722797e-02
   3.6300000e+00   1.5859836e-02   1.5099156e-02   1.4882506e-02   1.4653150e-02   1.4560470e-02
   3.6400000e+00   1.5697670e-02   1.4923129e-02   1.4722548e-02   1.4490411e-02   1.4399717e-02
   3.6500000e+00   1.5536920e-02   1.4749960e-02   1.4564336e-02   1.4329340e-02   1.4240533e-02
   3.6600000e+00   1.5377583e-02   1.4579655e-02   1.4407863e-02   1.4169930e-02   1.4082910e-02
   3.6700000e+00   1.5219657e-02   1.4412215e-02   1.4253118e-02   1.4012178e-02   1.3926845e-02
   3.6800000e+00   1.5063141e-02   1.4247636e-02   1.4100089e-02   1.3856077e-02   1.3772330e-02
   3.6900000e+00   1.4908032e-02   1.4085910e-02   1.3948765e-02   1.3701622e-02   1.3619361e-02
   3.7000000e+00   1.4754328e-02   1.3927022e-02   1.3799134e-02   1.3548807e-02   1.3467930e-02
   3.7100000e+00   1.4602025e-02   1.3770953e-02   1.3651183e-02   1.3397624e-02   1.3318031e-02
   3.7200000e+00   1.4451122e-02   1.3617681e-02   1.3504898e-02   1.3248067e-02   1.3169658e-02
   3.7300000e+00   1.4301614e-02   1.3467177e-02   1.3360266e-02   1.3100130e-02   1.3022805e-02
   3.7400000e+00   1.4153498e-02   1.3319409e-02   1.3217271e-02   1.2953804e-02   1.2877464e-02
   3.7500000e+00   1.4006772e-02   1.3174341e-02   1.3075899e-02   1.2809081e-02   1.2733629e-02
   3.7600000e+00   1.3861431e-02   1.3031934e-02   1.2936133e-02   1.2665953e-02   1.2591292e-02
   3.7700000e+00   1.3717471e-02   1.2892143e-02   1.2797959e-02   1.2524413e-02   1.2450446e-02
   3.7800000e+00   1.3574888e-02   1.2754923e-02   1.2661360e-02   1.2384450e-02   1.2311085e-02
   3.7900000e+00   1.3433678e-02   1.2620224e-02   1.2526318e-02   1.2246057e-02   1.2173200e-02
   3.8000000e+00   1.3293837e-02   1.2487992e-02   1.2392818e-02   1.2109223e-02   1.2036784e-02
   3.8100000e+00   1.3155359e-02   1.2358174e-02   1.2260843e-02   1.1973938e-02   1.1901828e-02
   3.8200000e+00   1.3018240e-02   1.2230711e-02   1.2130373e-02   1.1840194e-02   1.1768326e-02
   3.8300000e+00   1.2882474e-02   1.2105545e-02   1.2001394e-02   1.1707979e-02   1.1636268e-02
   3.8400000e+00   1.2748056e-02   1.1982613e-02   1.1873885e-02   1.1577284e-02   1.1505647e-02
   3.8500000e+00   1.2614980e-02   1.1861853e-02   1.1747830e-02   1.1448097e-02   1.1376454e-02
   3.8600000e+00   1.2483241e-02   1.1743201e-02   1.1623211e-02   1.1320407e-02   1.1248680e-02
   3.8700000e+00   1.2352832e-02   1.1626591e-02   1.1500010e-02   1.1194204e-02   1.1122318e-02
   3.8800000e+00   1.2223747e-02   1.1511958e-02   1.1378209e-02   1.1069475e-02   1.0997357e-02
   3.8900000e+00   1.2095980e-02   1.1399233e-02   1.1257789e-02   1.0946209e-02   1.0873789e-02
   3.9000000e+00   1.1969523e-02   1.1288351e-02   1.1138734e-02   1.0824394e-02   1.0751605e-02
   3.9100000e+00   1.1844371e-02   1.1179243e-02   1.1021024e-02   1.0704019e-02   1.0630796e-02
   3.9200000e+00   1.1720515e-02   1.1071842e-02   1.0904643e-02   1.0585070e-02   1.0511351e-02
   3.9300000e+00   1.1597948e-02   1.0966082e-02   1.0789573e-02   1.0467535e-02   1.0393263e-02
   3.9400000e+00   1.1476664e-02   1.0861894e-02   1.0675795e-02   1.0351402e-02   1.0276520e-02
   3.9500000e+00   1.1356654e-02   1.0759213e-02   1.0563294e-02   1.0236658e-02   1.0161114e-02
   3.9600000e+00   1.1237910e-02   1.0657974e-02   1.0452051e-02   1.0123291e-02   1.0047034e-02
   3.9700000e+00   1.1120425e-02   1.0558113e-02   1.0342049e-02   1.0011286e-02   9.9342699e-03
   3.9800000e+00   1.1004189e-02   1.0459565e-02   1.0233272e-02   9.9006304e-03   9.8228124e-03
   3.9900000e+00   1.0889195e-02   1.0362270e-02   1.0125704e-02   9.7913118e-03   9.7126510e-03
   4.0000000e+00   1.0775435e-02   1.0266166e-02   1.0019327e-02   9.6833163e-03   9.6037753e-03
   4.0100000e+00   1.0662898e-02   1.0171196e-02   9.9141254e-03   9.5766305e-03   9.4961749e-03
   4.0200000e+00   1.0551577e-02   1.0077301e-02   9.8100839e-03   9.4712407e-03   9.3898394e-03
   4.0300000e+00   1.0441461e-02   9.9844264e-03   9.7071867e-03   9.3671334e-03   9.2847581e-03
   4.0400000e+00   1.0332543e-02   9.8925189e-03   9.6054184e-03   9.2642949e-03   9.1809204e-03
   4.0500000e+00   1.0224813e-02   9.8015270e-03   9.5047640e-03   9.1627115e-03   9.0783155e-03
   4.0600000e+00   1.0118260e-02   9.7114014e-03   9.4052088e-03   9.0623692e-03   8.9769327e-03
   4.0700000e+00   1.0012876e-02   9.6220951e-03   9.3067384e-03   8.9632545e-03   8.8767611e-03
   4.0800000e+00   9.9086512e-03   9.5335633e-03   9.2093385e-03   8.8653533e-03   8.7777896e-03
   4.0900000e+00   9.8055751e-03   9.4457634e-03   9.1129954e-03   8.7686519e-03   8.6800074e-03
   4.1000000e+00   9.7036380e-03   9.3586553e-03   9.0176956e-03   8.6731364e-03   8.5834033e-03
   4.1100000e+00   9.6028299e-03   9.2722012e-03   8.9234257e-03   8.5787930e-03   8.4879663e-03
   4.1200000e+00   9.5031406e-03   9.1863658e-03   8.8301729e-03   8.4856077e-03   8.3936852e-03
   4.1300000e+00   9.4045599e-03   9.1011161e-03   8.7379245e-03   8.3935669e-03   8.3005488e-03
   4.1400000e+00   9.3070775e-03   9.0164215e-03   8.6466681e-03   8.3026567e-03   8.2085459e-03
   4.1500000e+00   9.2106831e-03   8.9322542e-03   8.5563918e-03   8.2128633e-03   8.1176653e-03
   4.1600000e+00   9.1153662e-03   8.8485883e-03   8.4670837e-03   8.1241731e-03   8.0278956e-03
   4.1700000e+00   9.0211163e-03   8.7654007e-03   8.3787325e-03   8.0365723e-03   7.9392257e-03
   4.1800000e+00   8.9279230e-03   8.6826706e-03   8.2913268e-03   7.9500475e-03   7.8516440e-03
   4.1900000e+00   8.8357755e-03   8.6003793e-03   8.2048557e-03   7.8645850e-03   7.7651395e-03
   4.2000000e+00   8.7446634e-03   8.5185107e-03   8.1193088e-03   7.7801713e-03   7.6797006e-03
   4.2100000e+00   8.6545760e-03   8.4370508e-03   8.0346754e-03   7.6967931e-03   7.5953160e-03
   4.2200000e+00   8.5655026e-03   8.3559878e-03   7.9509455e-03   7.6144370e-03   7.5119745e-03
   4.2300000e+00   8.4774326e-03   8.2753121e-03   7.8681093e-03   7.5330898e-03   7.4296646e-03
   4.2400000e+00   8.3903552e-03   8.1950162e-03   7.7861570e-03   7.4527384e-03   7.3483751e-03
   4.2500000e+00   8.3042598e-03   8.1150944e-03   7.7050792e-03   7.3733697e-03   7.2680946e-03
   4.2600000e+00   8.2191358e-03   8.0355432e-03   7.6248667e-03   7.2949707e-03   7.1888118e-03
   4.2700000e+00   8.1349724e-03   7.9563607e-03   7.5455106e-03   7.2175286e-03   7.1105155e-03
   4.2800000e+00   8.0517590e-03   7.8775468e-03   7.4670021e-03   7.1410306e-03   7.0331943e-03
   4.2900000e+00   7.9694850e-03   7.7991033e-03   7.3893325e-03   7.0654642e-03   6.9568370e-03
   4.3000000e+00   7.8881398e-03   7.7210332e-03   7.3124935e-03   6.9908167e-03   6.8814324e-03
   4.3100000e+00   7.8077127e-03   7.6433412e-03   7.2364768e-03   6.9170758e-03   6.8069694e-03
   4.3200000e+00   7.7281934e-03   7.5660335e-03   7.1612744e-03   6.8442292e-03   6.7334367e-03
   4.3300000e+00   7.6495712e-03   7.4891172e-03   7.0868784e-03   6.7722647e-03   6.6608233e-03
   4.3400000e+00   7.5718358e-03   7.4126011e-03   7.0132811e-03   6.7011703e-03   6.5891180e-03
   4.3500000e+00   7.4949767e-03   7.3364947e-03   6.9404748e-03   6.6309340e-03   6.5183099e-03
   4.3600000e+00   7.4189837e-03   7.2608086e-03   6.8684520e-03   6.5615441e-03   6.4483880e-03
   4.3700000e+00   7.3438465e-03   7.1855543e-03   6.7972055e-03   6.4929888e-03   6.3793413e-03
   4.3800000e+00   7.2695548e-03   7.1107441e-03   6.7267279e-03   6.4252567e-03   6.3111589e-03
   4.3900000e+00   7.1960986e-03   7.0363909e-03   6.6570123e-03   6.3583364e-03   6.2438300e-03
   4.4000000e+00   7.1234678e-03   6.9625084e-03   6.5880514e-03   6.2922166e-03   6.1773439e-03
   4.4100000e+00   7.0516524e-03   6.8891105e-03   6.5198385e-03   6.2268861e-03   6.1116898e-03
   4.4200000e+00   6.9806425e-03   6.8162117e-03   6.4523667e-03   6.1623340e-03   6.0468569e-03
   4.4300000e+00   6.9104283e-03   6.7438268e-03   6.3856291e-03   6.0985493e-03   5.9828349e-03
   4.4400000e+00   6.8410000e-03   6.6719706e-03   6.3196192e-03   6.0355214e-03   5.9196130e-03
   4.4500000e+00   6.7723480e-03   6.6006583e-03   6.2543302e-03   5.9732397e-03   5.8571808e-03
   4.4600000e+00   6.7044629e-03   6.5299049e-03   6.1897556e-03   5.9116938e-03   5.7955280e-03
   4.4700000e+00   6.6373350e-03   6.4597254e-03   6.1258889e-03   5.8508732e-03   5.7346441e-03
   4.4800000e+00   6.5709551e-03   6.3901348e-03   6.0627237e-03   5.7907678e-03   5.6745190e-03
   4.4900000e+00   6.5053138e-03   6.3211477e-03   6.0002534e-03   5.7313676e-03   5.6151423e-03
   4.5000000e+00   6.4404021e-03   6.2527786e-03   5.9384716e-03   5.6726627e-03   5.5565041e-03
   4.5100000e+00   6.3762108e-03   6.1850414e-03   5.8773722e-03   5.6146433e-03   5.4985941e-03
   4.5200000e+00   6.3127310e-03   6.1179498e-03   5.8169486e-03   5.5572998e-03   5.4414026e-03
   4.5300000e+00   6.2499539e-03   6.0515168e-03   5.7571946e-03   5.5006226e-03   5.3849196e-03
   4.5400000e+00   6.1878706e-03   5.9857552e-03   5.6981039e-03   5.4446025e-03   5.3291353e-03
   4.5500000e+00   6.1264726e-03   5.9206768e-03   5.6396703e-03   5.3892301e-03   5.2740399e-03
   4.5600000e+00   6.0657512e-03   5.8562930e-03   5.5818874e-03   5.3344965e-03   5.2196239e-03
   4.5700000e+00   6.0056981e-03   5.7926144e-03   5.5247491e-03   5.2803925e-03   5.1658776e-03
   4.5800000e+00   5.9463050e-03   5.7296509e-03   5.4682492e-03   5.2269095e-03   5.1127917e-03
   4.5900000e+00   5.8875635e-03   5.6674116e-03   5.4123813e-03   5.1740387e-03   5.0603566e-03
   4.6000000e+00   5.8294657e-03   5.6059048e-03   5.3571393e-03   5.1217715e-03   5.0085632e-03
   4.6100000e+00   5.7720034e-03   5.5451381e-03   5.3025171e-03   5.0700996e-03   4.9574022e-03
   4.6200000e+00   5.7151689e-03   5.4851179e-03   5.2485083e-03   5.0190145e-03   4.9068646e-03
   4.6300000e+00   5.6589542e-03   5.4258501e-03   5.1951067e-03   4.9685082e-03   4.8569412e-03
   4.6400000e+00   5.6033518e-03   5.3673394e-03   5.1423063e-03   4.9185726e-03   4.8076231e-03
   4.6500000e+00   5.5483540e-03   5.3095898e-03   5.0901008e-03   4.8691998e-03   4.7589016e-03
   4.6600000e+00   5.4939534e-03   5.2526043e-03   5.0384840e-03   4.8203819e-03   4.7107679e-03
   4.6700000e+00   5.4401427e-03   5.1963850e-03   4.9874497e-03   4.7721114e-03   4.6632133e-03
   4.6800000e+00   5.3869145e-03   5.1409330e-03   4.9369918e-03   4.7243806e-03   4.6162293e-03
   4.6900000e+00   5.3342617e-03   5.0862486e-03   4.8871041e-03   4.6771821e-03   4.5698075e-03
   4.7000000e+00   5.2821772e-03   5.0323311e-03   4.8377804e-03   4.6305087e-03   4.5239395e-03
   4.7100000e+00   5.2306542e-03   4.9791789e-03   4.7890145e-03   4.5843530e-03   4.4786169e-03
   4.7200000e+00   5.1796857e-03   4.9267896e-03   4.7408004e-03   4.5387082e-03   4.4338318e-03
   4.7300000e+00   5.1292650e-03   4.8751599e-03   4.6931318e-03   4.4935672e-03   4.3895761e-03
   4.7400000e+00   5.0793855e-03   4.8242856e-03   4.6460026e-03   4.4489231e-03   4.3458417e-03
   4.7500000e+00   5.0300406e-03   4.7741618e-03   4.5994067e-03   4.4047693e-03   4.3026209e-03
   4.7600000e+00   4.9812238e-03   4.7247825e-03   4.5533381e-03   4.3610992e-03   4.2599058e-03
   4.7700000e+00   4.9329288e-03   4.6761412e-03   4.5077905e-03   4.3179062e-03   4.2176889e-03
   4.7800000e+00   4.8851494e-03   4.6282307e-03   4.4627580e-03   4.2751841e-03   4.1759627e-03
   4.7900000e+00   4.8378793e-03   4.5810428e-03   4.4182344e-03   4.2329264e-03   4.1347196e-03
   4.8000000e+00   4.7911125e-03   4.5345690e-03   4.3742139e-03   4.1911270e-03   4.0939523e-03
   4.8100000e+00   4.7448430e-03   4.4887997e-03   4.3306902e-03   4.1497799e-03   4.0536537e-03
   4.8200000e+00   4.6990648e-03   4.4437252e-03   4.2876576e-03   4.1088792e-03   4.0138165e-03
   4.8300000e+00   4.6537723e-03   4.3993348e-03   4.2451100e-03   4.0684189e-03   3.9744339e-03
   4.8400000e+00   4.6089595e-03   4.3556175e-03   4.2030414e-03   4.0283933e-03   3.9354988e-03
   4.8500000e+00   4.5646209e-03   4.3125618e-03   4.1614461e-03   3.9887968e-03   3.8970044e-03
   4.8600000e+00   4.5207510e-03   4.2701557e-03   4.1203182e-03   3.9496238e-03   3.8589441e-03
   4.8700000e+00   4.4773442e-03   4.2283867e-03   4.0796518e-03   3.9108688e-03   3.8213113e-03
   4.8800000e+00   4.4343952e-03   4.1872422e-03   4.0394412e-03   3.8725266e-03   3.7840994e-03
   4.8900000e+00   4.3918985e-03   4.1467090e-03   3.9996807e-03   3.8345918e-03   3.7473021e-03
   4.9000000e+00   4.3498490e-03   4.1067737e-03   3.9603645e-03   3.7970593e-03   3.7109131e-03
   4.9100000e+00   4.3082416e-03   4.0674229e-03   3.9214870e-03   3.7599241e-03   3.6749261e-03
   4.9200000e+00   4.2670710e-03   4.0286427e-03   3.8830426e-03   3.7231810e-03   3.6393352e-03
   4.9300000e+00   4.2263323e-03   3.9904191e-03   3.8450258e-03   3.6868253e-03   3.6041344e-03
   4.9400000e+00   4.1860205e-03   3.9527381e-03   3.8074311e-03   3.6508521e-03   3.5693178e-03
   4.9500000e+00   4.1461307e-03   3.9155855e-03   3.7702530e-03   3.6152567e-03   3.5348796e-03
   4.9600000e+00   4.1066581e-03   3.8789471e-03   3.7334861e-03   3.5800344e-03   3.5008141e-03
   4.9700000e+00   4.0675980e-03   3.8428088e-03   3.6971252e-03   3.5451808e-03   3.4671159e-03
   4.9800000e+00   4.0289457e-03   3.8071565e-03   3.6611649e-03   3.5106913e-03   3.4337795e-03
   4.9900000e+00   3.9906966e-03   3.7719761e-03   3.6256000e-03   3.4765616e-03   3.4007994e-03
   5.0000000e+00   3.9528461e-03   3.7372535e-03   3.5904255e-03   3.4427873e-03   3.3681705e-03
   5.0100000e+00   3.9153896e-03   3.7029751e-03   3.5556361e-03   3.4093642e-03   3.3358876e-03
   5.0200000e+00   3.8783229e-03   3.6691272e-03   3.5212268e-03   3.3762881e-03   3.3039457e-03
   5.0300000e+00   3.8416415e-03   3.6356963e-03   3.4871928e-03   3.3435550e-03   3.2723397e-03
   5.0400000e+00   3.8053410e-03   3.6026692e-03   3.4535290e-03   3.3111609e-03   3.2410649e-03
   5.0500000e+00   3.7694173e-03   3.5700331e-03   3.4202308e-03   3.2791017e-03   3.2101164e-03
   5.0600000e+00   3.7338661e-03   3.5377752e-03   3.3872932e-03   3.2473736e-03   3.1794897e-03
   5.0700000e+00   3.6986833e-03   3.5058831e-03   3.3547117e-03   3.2159729e-03   3.1491801e-03
   5.0800000e+00   3.6638647e-03   3.4743450e-03   3.3224815e-03   3.1848957e-03   3.1191832e-03
   5.0900000e+00   3.6294064e-03   3.4431490e-03   3.2905981e-03   3.1541384e-03   3.0894945e-03
   5.1000000e+00   3.5953044e-03   3.4122839e-03   3.2590571e-03   3.1236974e-03   3.0601099e-03
   5.1100000e+00   3.5615546e-03   3.3817387e-03   3.2278540e-03   3.0935692e-03   3.0310250e-03
   5.1200000e+00   3.5281533e-03   3.3515029e-03   3.1969844e-03   3.0637502e-03   3.0022359e-03
   5.1300000e+00   3.4950965e-03   3.3215665e-03   3.1664441e-03   3.0342370e-03   2.9737384e-03
   5.1400000e+00   3.4623806e-03   3.2919196e-03   3.1362289e-03   3.0050262e-03   2.9455286e-03
   5.1500000e+00   3.4300016e-03   3.2625530e-03   3.1063345e-03   2.9761146e-03   2.9176028e-03
   5.1600000e+00   3.3979560e-03   3.2334579e-03   3.0767570e-03   2.9474988e-03   2.8899571e-03
   5.1700000e+00   3.3662401e-03   3.2046258e-03   3.0474923e-03   2.9191757e-03   2.8625879e-03
   5.1800000e+00   3.3348503e-03   3.1760489e-03   3.0185365e-03   2.8911421e-03   2.8354915e-03
   5.1900000e+00   3.3037829e-03   3.1477195e-03   2.9898856e-03   2.8633949e-03   2.8086645e-03
   5.2000000e+00   3.2730345e-03   3.1196306e-03   2.9615360e-03   2.8359310e-03   2.7821034e-03
   5.2100000e+00   3.2426016e-03   3.0917756e-03   2.9334838e-03   2.8087475e-03   2.7558049e-03
   5.2200000e+00   3.2124808e-03   3.0641482e-03   2.9057255e-03   2.7818413e-03   2.7297657e-03
   5.2300000e+00   3.1826686e-03   3.0367428e-03   2.8782573e-03   2.7552096e-03   2.7039826e-03
   5.2400000e+00   3.1531617e-03   3.0095540e-03   2.8510757e-03   2.7288495e-03   2.6784524e-03
   5.2500000e+00   3.1239568e-03   2.9825770e-03   2.8241772e-03   2.7027581e-03   2.6531722e-03
   5.2600000e+00   3.0950505e-03   2.9558071e-03   2.7975585e-03   2.6769328e-03   2.6281389e-03
   5.2700000e+00   3.0664397e-03   2.9292404e-03   2.7712162e-03   2.6513706e-03   2.6033496e-03
   5.2800000e+00   3.0381212e-03   2.9028731e-03   2.7451469e-03   2.6260690e-03   2.5788015e-03
   5.2900000e+00   3.0100917e-03   2.8767020e-03   2.7193474e-03   2.6010253e-03   2.5544918e-03
   5.3000000e+00   2.9823481e-03   2.8507242e-03   2.6938146e-03   2.5762368e-03   2.5304177e-03
   5.3100000e+00   2.9548874e-03   2.8249369e-03   2.6685454e-03   2.5517009e-03   2.5065768e-03
   5.3200000e+00   2.9277064e-03   2.7993381e-03   2.6435365e-03   2.5274151e-03   2.4829662e-03
   5.3300000e+00   2.9008022e-03   2.7739259e-03   2.6187851e-03   2.5033769e-03   2.4595836e-03
   5.3400000e+00   2.8741717e-03   2.7486985e-03   2.5942882e-03   2.4795837e-03   2.4364265e-03
   5.3500000e+00   2.8478121e-03   2.7236548e-03   2.5700429e-03   2.4560332e-03   2.4134924e-03
   5.3600000e+00   2.8217203e-03   2.6987937e-03   2.5460462e-03   2.4327229e-03   2.3907790e-03
   5.3700000e+00   2.7958935e-03   2.6741145e-03   2.5222955e-03   2.4096504e-03   2.3682840e-03
   5.3800000e+00   2.7703288e-03   2.6496167e-03   2.4987879e-03   2.3868133e-03   2.3460052e-03
   5.3900000e+00   2.7450235e-03   2.6253000e-03   2.4755207e-03   2.3642093e-03   2.3239403e-03
   5.4000000e+00   2.7199746e-03   2.6011643e-03   2.4524913e-03   2.3418361e-03   2.3020873e-03
   5.4100000e+00   2.6951795e-03   2.5772098e-03   2.4296970e-03   2.3196915e-03   2.2804439e-03
   5.4200000e+00   2.6706355e-03   2.5534368e-03   2.4071352e-03   2.2977731e-03   2.2590083e-03
   5.4300000e+00   2.6463397e-03   2.5298458e-03   2.3848035e-03   2.2760787e-03   2.2377783e-03
   5.4400000e+00   2.6222896e-03   2.5064374e-03   2.3626993e-03   2.2546062e-03   2.2167520e-03
   5.4500000e+00   2.5984825e-03   2.4832123e-03   2.3408202e-03   2.2333533e-03   2.1959275e-03
   5.4600000e+00   2.5749158e-03   2.4601713e-03   2.3191637e-03   2.2123180e-03   2.1753030e-03
   5.4700000e+00   2.5515869e-03   2.4373155e-03   2.2977275e-03   2.1914980e-03   2.1548765e-03
   5.4800000e+00   2.5284933e-03   2.4146458e-03   2.2765092e-03   2.1708913e-03   2.1346463e-03
   5.4900000e+00   2.5056325e-03   2.3921632e-03   2.2555064e-03   2.1504957e-03   2.1146106e-03
   5.5000000e+00   2.4830019e-03   2.3698690e-03   2.2347170e-03   2.1303093e-03   2.0947677e-03
   5.5100000e+00   2.4605991e-03   2.3477643e-03   2.2141387e-03   2.1103299e-03   2.0751159e-03
   5.5200000e+00   2.4384217e-03   2.3258502e-03   2.1937692e-03   2.0905556e-03   2.0556535e-03
   5.5300000e+00   2.4164672e-03   2.3041278e-03   2.1736064e-03   2.0709843e-03   2.0363789e-03
   5.5400000e+00   2.3947333e-03   2.2825984e-03   2.1536482e-03   2.0516141e-03   2.0172906e-03
   5.5500000e+00   2.3732176e-03   2.2612631e-03   2.1338923e-03   2.0324429e-03   1.9983868e-03
   5.5600000e+00   2.3519177e-03   2.2401230e-03   2.1143367e-03   2.0134689e-03   1.9796662e-03
   5.5700000e+00   2.3308315e-03   2.2191790e-03   2.0949794e-03   1.9946901e-03   1.9611271e-03
   5.5800000e+00   2.3099566e-03   2.1984323e-03   2.0758182e-03   1.9761046e-03   1.9427681e-03
   5.5900000e+00   2.2892907e-03   2.1778836e-03   2.0568512e-03   1.9577105e-03   1.9245876e-03
   5.6000000e+00   2.2688317e-03   2.1575339e-03   2.0380763e-03   1.9395059e-03   1.9065844e-03
   5.6100000e+00   2.2485772e-03   2.1373840e-03   2.0194916e-03   1.9214889e-03   1.8887568e-03
   5.6200000e+00   2.2285253e-03   2.1174344e-03   2.0010952e-03   1.9036577e-03   1.8711035e-03
   5.6300000e+00   2.2086737e-03   2.0976857e-03   1.9828850e-03   1.8860105e-03   1.8536232e-03
   5.6400000e+00   2.1890202e-03   2.0781385e-03   1.9648592e-03   1.8685455e-03   1.8363144e-03
   5.6500000e+00   2.1695628e-03   2.0587930e-03   1.9470160e-03   1.8512608e-03   1.8191759e-03
   5.6600000e+00   2.1502995e-03   2.0396496e-03   1.9293534e-03   1.8341547e-03   1.8022061e-03
   5.6700000e+00   2.1312281e-03   2.0207083e-03   1.9118695e-03   1.8172253e-03   1.7854039e-03
   5.6800000e+00   2.1123466e-03   2.0019690e-03   1.8945626e-03   1.8004710e-03   1.7687679e-03
   5.6900000e+00   2.0936530e-03   1.9834318e-03   1.8774309e-03   1.7838899e-03   1.7522969e-03
   5.7000000e+00   2.0751454e-03   1.9650963e-03   1.8604724e-03   1.7674804e-03   1.7359894e-03
   5.7100000e+00   2.0568217e-03   1.9469621e-03   1.8436856e-03   1.7512408e-03   1.7198443e-03
   5.7200000e+00   2.0386801e-03   1.9290288e-03   1.8270685e-03   1.7351692e-03   1.7038603e-03
   5.7300000e+00   2.0207186e-03   1.9112957e-03   1.8106196e-03   1.7192641e-03   1.6880362e-03
   5.7400000e+00   2.0029353e-03   1.8937620e-03   1.7943369e-03   1.7035238e-03   1.6723706e-03
   5.7500000e+00   1.9853283e-03   1.8764268e-03   1.7782189e-03   1.6879465e-03   1.6568624e-03
   5.7600000e+00   1.9678958e-03   1.8592892e-03   1.7622637e-03   1.6725307e-03   1.6415103e-03
   5.7700000e+00   1.9506360e-03   1.8423479e-03   1.7464699e-03   1.6572747e-03   1.6263131e-03
   5.7800000e+00   1.9335471e-03   1.8256018e-03   1.7308355e-03   1.6421768e-03   1.6112696e-03
   5.7900000e+00   1.9166272e-03   1.8090494e-03   1.7153591e-03   1.6272355e-03   1.5963786e-03
   5.8000000e+00   1.8998745e-03   1.7926892e-03   1.7000390e-03   1.6124491e-03   1.5816388e-03
   5.8100000e+00   1.8832875e-03   1.7765197e-03   1.6848736e-03   1.5978161e-03   1.5670490e-03
   5.8200000e+00   1.8668642e-03   1.7605392e-03   1.6698611e-03   1.5833349e-03   1.5526081e-03
   5.8300000e+00   1.8506030e-03   1.7447458e-03   1.6550002e-03   1.5690039e-03   1.5383149e-03
   5.8400000e+00   1.8345022e-03   1.7291376e-03   1.6402891e-03   1.5548215e-03   1.5241681e-03
   5.8500000e+00   1.8185602e-03   1.7137127e-03   1.6257263e-03   1.5407862e-03   1.5101666e-03
   5.8600000e+00   1.8027752e-03   1.6984690e-03   1.6113102e-03   1.5268965e-03   1.4963092e-03
   5.8700000e+00   1.7871456e-03   1.6834043e-03   1.5970394e-03   1.5131508e-03   1.4825947e-03
   5.8800000e+00   1.7716699e-03   1.6685165e-03   1.5829122e-03   1.4995477e-03   1.4690218e-03
   5.8900000e+00   1.7563464e-03   1.6538031e-03   1.5689272e-03   1.4860856e-03   1.4555895e-03
   5.9000000e+00   1.7411736e-03   1.6392619e-03   1.5550828e-03   1.4727631e-03   1.4422966e-03
   5.9100000e+00   1.7261498e-03   1.6248905e-03   1.5413777e-03   1.4595787e-03   1.4291418e-03
   5.9200000e+00   1.7112735e-03   1.6106864e-03   1.5278102e-03   1.4465308e-03   1.4161240e-03
   5.9300000e+00   1.6965433e-03   1.5966471e-03   1.5143790e-03   1.4336181e-03   1.4032419e-03
   5.9400000e+00   1.6819575e-03   1.5827700e-03   1.5010825e-03   1.4208391e-03   1.3904945e-03
   5.9500000e+00   1.6675147e-03   1.5690527e-03   1.4879195e-03   1.4081924e-03   1.3778806e-03
   5.9600000e+00   1.6532135e-03   1.5554924e-03   1.4748883e-03   1.3956766e-03   1.3653988e-03
   5.9700000e+00   1.6390523e-03   1.5420866e-03   1.4619877e-03   1.3832902e-03   1.3530482e-03
   5.9800000e+00   1.6250297e-03   1.5288327e-03   1.4492162e-03   1.3710319e-03   1.3408274e-03
   5.9900000e+00   1.6111443e-03   1.5157281e-03   1.4365725e-03   1.3589003e-03   1.3287354e-03
