  0.31195E+02  0.31203E+02  0.31211E+02  0.31218E+02  0.31225E+02  0.31232E+02  0.31238E+02  0.31243E+02  0.31249E+02  0.31254E+02  0.31258E+02  0.31262E+02  0.31266E+02  0.31269E+02  0.31272E+02  0.31275E+02  0.31277E+02  0.31279E+02  0.31280E+02  0.31281E+02  0.31282E+02  0.31282E+02  0.31282E+02  0.31281E+02  0.31280E+02  0.31279E+02  0.31277E+02  0.31275E+02  0.31272E+02  0.31269E+02  0.31266E+02  0.31262E+02  0.31258E+02  0.31254E+02  0.31249E+02  0.31243E+02  0.31238E+02  0.31232E+02  0.31225E+02  0.31218E+02  0.31211E+02  0.31203E+02  0.31195E+02
  0.31215E+02  0.31223E+02  0.31231E+02  0.31239E+02  0.31246E+02  0.31252E+02  0.31258E+02  0.31264E+02  0.31269E+02  0.31274E+02  0.31279E+02  0.31283E+02  0.31287E+02  0.31290E+02  0.31293E+02  0.31296E+02  0.31298E+02  0.31300E+02  0.31301E+02  0.31302E+02  0.31302E+02  0.31303E+02  0.31302E+02  0.31302E+02  0.31301E+02  0.31300E+02  0.31298E+02  0.31296E+02  0.31293E+02  0.31290E+02  0.31287E+02  0.31283E+02  0.31279E+02  0.31274E+02  0.31269E+02  0.31264E+02  0.31258E+02  0.31252E+02  0.31246E+02  0.31239E+02  0.31231E+02  0.31223E+02  0.31215E+02
  0.31235E+02  0.31243E+02  0.31251E+02  0.31258E+02  0.31265E+02  0.31272E+02  0.31278E+02  0.31284E+02  0.31289E+02  0.31294E+02  0.31299E+02  0.31303E+02  0.31306E+02  0.31310E+02  0.31313E+02  0.31315E+02  0.31317E+02  0.31319E+02  0.31321E+02  0.31321E+02  0.31322E+02  0.31322E+02  0.31322E+02  0.31321E+02  0.31321E+02  0.31319E+02  0.31317E+02  0.31315E+02  0.31313E+02  0.31310E+02  0.31306E+02  0.31303E+02  0.31299E+02  0.31294E+02  0.31289E+02  0.31284E+02  0.31278E+02  0.31272E+02  0.31265E+02  0.31258E+02  0.31251E+02  0.31243E+02  0.31235E+02
  0.31253E+02  0.31262E+02  0.31269E+02  0.31277E+02  0.31284E+02  0.31290E+02  0.31297E+02  0.31302E+02  0.31308E+02  0.31313E+02  0.31317E+02  0.31321E+02  0.31325E+02  0.31328E+02  0.31331E+02  0.31334E+02  0.31336E+02  0.31338E+02  0.31339E+02  0.31340E+02  0.31341E+02  0.31341E+02  0.31341E+02  0.31340E+02  0.31339E+02  0.31338E+02  0.31336E+02  0.31334E+02  0.31331E+02  0.31328E+02  0.31325E+02  0.31321E+02  0.31317E+02  0.31313E+02  0.31308E+02  0.31302E+02  0.31297E+02  0.31290E+02  0.31284E+02  0.31277E+02  0.31269E+02  0.31262E+02  0.31253E+02
  0.31271E+02  0.31279E+02  0.31287E+02  0.31294E+02  0.31301E+02  0.31308E+02  0.31314E+02  0.31320E+02  0.31325E+02  0.31330E+02  0.31335E+02  0.31339E+02  0.31342E+02  0.31346E+02  0.31349E+02  0.31351E+02  0.31354E+02  0.31355E+02  0.31357E+02  0.31358E+02  0.31358E+02  0.31358E+02  0.31358E+02  0.31358E+02  0.31357E+02  0.31355E+02  0.31354E+02  0.31351E+02  0.31349E+02  0.31346E+02  0.31342E+02  0.31339E+02  0.31335E+02  0.31330E+02  0.31325E+02  0.31320E+02  0.31314E+02  0.31308E+02  0.31301E+02  0.31294E+02  0.31287E+02  0.31279E+02  0.31271E+02
  0.31287E+02  0.31295E+02  0.31303E+02  0.31311E+02  0.31318E+02  0.31324E+02  0.31330E+02  0.31336E+02  0.31342E+02  0.31347E+02  0.31351E+02  0.31355E+02  0.31359E+02  0.31362E+02  0.31365E+02  0.31368E+02  0.31370E+02  0.31372E+02  0.31373E+02  0.31374E+02  0.31375E+02  0.31375E+02  0.31375E+02  0.31374E+02  0.31373E+02  0.31372E+02  0.31370E+02  0.31368E+02  0.31365E+02  0.31362E+02  0.31359E+02  0.31355E+02  0.31351E+02  0.31347E+02  0.31342E+02  0.31336E+02  0.31330E+02  0.31324E+02  0.31318E+02  0.31311E+02  0.31303E+02  0.31295E+02  0.31287E+02
  0.31303E+02  0.31311E+02  0.31319E+02  0.31326E+02  0.31333E+02  0.31340E+02  0.31346E+02  0.31352E+02  0.31357E+02  0.31362E+02  0.31367E+02  0.31371E+02  0.31374E+02  0.31378E+02  0.31381E+02  0.31383E+02  0.31385E+02  0.31387E+02  0.31389E+02  0.31390E+02  0.31390E+02  0.31390E+02  0.31390E+02  0.31390E+02  0.31389E+02  0.31387E+02  0.31385E+02  0.31383E+02  0.31381E+02  0.31378E+02  0.31374E+02  0.31371E+02  0.31367E+02  0.31362E+02  0.31357E+02  0.31352E+02  0.31346E+02  0.31340E+02  0.31333E+02  0.31326E+02  0.31319E+02  0.31311E+02  0.31303E+02
  0.31317E+02  0.31325E+02  0.31333E+02  0.31341E+02  0.31348E+02  0.31354E+02  0.31360E+02  0.31366E+02  0.31371E+02  0.31376E+02  0.31381E+02  0.31385E+02  0.31389E+02  0.31392E+02  0.31395E+02  0.31398E+02  0.31400E+02  0.31402E+02  0.31403E+02  0.31404E+02  0.31405E+02  0.31405E+02  0.31405E+02  0.31404E+02  0.31403E+02  0.31402E+02  0.31400E+02  0.31398E+02  0.31395E+02  0.31392E+02  0.31389E+02  0.31385E+02  0.31381E+02  0.31376E+02  0.31371E+02  0.31366E+02  0.31360E+02  0.31354E+02  0.31348E+02  0.31341E+02  0.31333E+02  0.31325E+02  0.31317E+02
  0.31330E+02  0.31339E+02  0.31346E+02  0.31354E+02  0.31361E+02  0.31368E+02  0.31374E+02  0.31380E+02  0.31385E+02  0.31390E+02  0.31394E+02  0.31399E+02  0.31402E+02  0.31406E+02  0.31409E+02  0.31411E+02  0.31413E+02  0.31415E+02  0.31416E+02  0.31417E+02  0.31418E+02  0.31418E+02  0.31418E+02  0.31417E+02  0.31416E+02  0.31415E+02  0.31413E+02  0.31411E+02  0.31409E+02  0.31406E+02  0.31402E+02  0.31399E+02  0.31394E+02  0.31390E+02  0.31385E+02  0.31380E+02  0.31374E+02  0.31368E+02  0.31361E+02  0.31354E+02  0.31346E+02  0.31339E+02  0.31330E+02
  0.31343E+02  0.31351E+02  0.31359E+02  0.31366E+02  0.31373E+02  0.31380E+02  0.31386E+02  0.31392E+02  0.31397E+02  0.31402E+02  0.31407E+02  0.31411E+02  0.31415E+02  0.31418E+02  0.31421E+02  0.31424E+02  0.31426E+02  0.31428E+02  0.31429E+02  0.31430E+02  0.31430E+02  0.31431E+02  0.31430E+02  0.31430E+02  0.31429E+02  0.31428E+02  0.31426E+02  0.31424E+02  0.31421E+02  0.31418E+02  0.31415E+02  0.31411E+02  0.31407E+02  0.31402E+02  0.31397E+02  0.31392E+02  0.31386E+02  0.31380E+02  0.31373E+02  0.31366E+02  0.31359E+02  0.31351E+02  0.31343E+02
  0.31354E+02  0.31362E+02  0.31370E+02  0.31378E+02  0.31385E+02  0.31391E+02  0.31398E+02  0.31403E+02  0.31409E+02  0.31414E+02  0.31418E+02  0.31422E+02  0.31426E+02  0.31430E+02  0.31432E+02  0.31435E+02  0.31437E+02  0.31439E+02  0.31440E+02  0.31441E+02  0.31442E+02  0.31442E+02  0.31442E+02  0.31441E+02  0.31440E+02  0.31439E+02  0.31437E+02  0.31435E+02  0.31432E+02  0.31430E+02  0.31426E+02  0.31422E+02  0.31418E+02  0.31414E+02  0.31409E+02  0.31403E+02  0.31398E+02  0.31391E+02  0.31385E+02  0.31378E+02  0.31370E+02  0.31362E+02  0.31354E+02
  0.31364E+02  0.31373E+02  0.31381E+02  0.31388E+02  0.31395E+02  0.31402E+02  0.31408E+02  0.31414E+02  0.31419E+02  0.31424E+02  0.31429E+02  0.31433E+02  0.31437E+02  0.31440E+02  0.31443E+02  0.31445E+02  0.31448E+02  0.31449E+02  0.31451E+02  0.31452E+02  0.31452E+02  0.31452E+02  0.31452E+02  0.31452E+02  0.31451E+02  0.31449E+02  0.31448E+02  0.31445E+02  0.31443E+02  0.31440E+02  0.31437E+02  0.31433E+02  0.31429E+02  0.31424E+02  0.31419E+02  0.31414E+02  0.31408E+02  0.31402E+02  0.31395E+02  0.31388E+02  0.31381E+02  0.31373E+02  0.31364E+02
  0.31374E+02  0.31382E+02  0.31390E+02  0.31397E+02  0.31404E+02  0.31411E+02  0.31417E+02  0.31423E+02  0.31428E+02  0.31433E+02  0.31438E+02  0.31442E+02  0.31446E+02  0.31449E+02  0.31452E+02  0.31455E+02  0.31457E+02  0.31459E+02  0.31460E+02  0.31461E+02  0.31462E+02  0.31462E+02  0.31462E+02  0.31461E+02  0.31460E+02  0.31459E+02  0.31457E+02  0.31455E+02  0.31452E+02  0.31449E+02  0.31446E+02  0.31442E+02  0.31438E+02  0.31433E+02  0.31428E+02  0.31423E+02  0.31417E+02  0.31411E+02  0.31404E+02  0.31397E+02  0.31390E+02  0.31382E+02  0.31374E+02
  0.31382E+02  0.31390E+02  0.31398E+02  0.31406E+02  0.31413E+02  0.31419E+02  0.31426E+02  0.31431E+02  0.31437E+02  0.31442E+02  0.31446E+02  0.31451E+02  0.31454E+02  0.31458E+02  0.31461E+02  0.31463E+02  0.31465E+02  0.31467E+02  0.31469E+02  0.31470E+02  0.31470E+02  0.31470E+02  0.31470E+02  0.31470E+02  0.31469E+02  0.31467E+02  0.31465E+02  0.31463E+02  0.31461E+02  0.31458E+02  0.31454E+02  0.31451E+02  0.31446E+02  0.31442E+02  0.31437E+02  0.31431E+02  0.31426E+02  0.31419E+02  0.31413E+02  0.31406E+02  0.31398E+02  0.31390E+02  0.31382E+02
  0.31390E+02  0.31398E+02  0.31406E+02  0.31413E+02  0.31420E+02  0.31427E+02  0.31433E+02  0.31439E+02  0.31444E+02  0.31449E+02  0.31454E+02  0.31458E+02  0.31462E+02  0.31465E+02  0.31468E+02  0.31471E+02  0.31473E+02  0.31475E+02  0.31476E+02  0.31477E+02  0.31478E+02  0.31478E+02  0.31478E+02  0.31477E+02  0.31476E+02  0.31475E+02  0.31473E+02  0.31471E+02  0.31468E+02  0.31465E+02  0.31462E+02  0.31458E+02  0.31454E+02  0.31449E+02  0.31444E+02  0.31439E+02  0.31433E+02  0.31427E+02  0.31420E+02  0.31413E+02  0.31406E+02  0.31398E+02  0.31390E+02
  0.31396E+02  0.31404E+02  0.31412E+02  0.31420E+02  0.31427E+02  0.31433E+02  0.31439E+02  0.31445E+02  0.31451E+02  0.31456E+02  0.31460E+02  0.31464E+02  0.31468E+02  0.31471E+02  0.31474E+02  0.31477E+02  0.31479E+02  0.31481E+02  0.31482E+02  0.31483E+02  0.31484E+02  0.31484E+02  0.31484E+02  0.31483E+02  0.31482E+02  0.31481E+02  0.31479E+02  0.31477E+02  0.31474E+02  0.31471E+02  0.31468E+02  0.31464E+02  0.31460E+02  0.31456E+02  0.31451E+02  0.31445E+02  0.31439E+02  0.31433E+02  0.31427E+02  0.31420E+02  0.31412E+02  0.31404E+02  0.31396E+02
  0.31401E+02  0.31410E+02  0.31418E+02  0.31425E+02  0.31432E+02  0.31439E+02  0.31445E+02  0.31451E+02  0.31456E+02  0.31461E+02  0.31466E+02  0.31470E+02  0.31474E+02  0.31477E+02  0.31480E+02  0.31482E+02  0.31485E+02  0.31486E+02  0.31488E+02  0.31489E+02  0.31489E+02  0.31490E+02  0.31489E+02  0.31489E+02  0.31488E+02  0.31486E+02  0.31485E+02  0.31482E+02  0.31480E+02  0.31477E+02  0.31474E+02  0.31470E+02  0.31466E+02  0.31461E+02  0.31456E+02  0.31451E+02  0.31445E+02  0.31439E+02  0.31432E+02  0.31425E+02  0.31418E+02  0.31410E+02  0.31401E+02
  0.31406E+02  0.31414E+02  0.31422E+02  0.31429E+02  0.31436E+02  0.31443E+02  0.31449E+02  0.31455E+02  0.31461E+02  0.31465E+02  0.31470E+02  0.31474E+02  0.31478E+02  0.31481E+02  0.31484E+02  0.31487E+02  0.31489E+02  0.31491E+02  0.31492E+02  0.31493E+02  0.31494E+02  0.31494E+02  0.31494E+02  0.31493E+02  0.31492E+02  0.31491E+02  0.31489E+02  0.31487E+02  0.31484E+02  0.31481E+02  0.31478E+02  0.31474E+02  0.31470E+02  0.31465E+02  0.31461E+02  0.31455E+02  0.31449E+02  0.31443E+02  0.31436E+02  0.31429E+02  0.31422E+02  0.31414E+02  0.31406E+02
  0.31409E+02  0.31418E+02  0.31425E+02  0.31433E+02  0.31440E+02  0.31447E+02  0.31453E+02  0.31459E+02  0.31464E+02  0.31469E+02  0.31474E+02  0.31478E+02  0.31481E+02  0.31485E+02  0.31488E+02  0.31490E+02  0.31492E+02  0.31494E+02  0.31496E+02  0.31497E+02  0.31497E+02  0.31497E+02  0.31497E+02  0.31497E+02  0.31496E+02  0.31494E+02  0.31492E+02  0.31490E+02  0.31488E+02  0.31485E+02  0.31481E+02  0.31478E+02  0.31474E+02  0.31469E+02  0.31464E+02  0.31459E+02  0.31453E+02  0.31447E+02  0.31440E+02  0.31433E+02  0.31425E+02  0.31418E+02  0.31409E+02
  0.31412E+02  0.31420E+02  0.31428E+02  0.31435E+02  0.31442E+02  0.31449E+02  0.31455E+02  0.31461E+02  0.31466E+02  0.31471E+02  0.31476E+02  0.31480E+02  0.31484E+02  0.31487E+02  0.31490E+02  0.31493E+02  0.31495E+02  0.31497E+02  0.31498E+02  0.31499E+02  0.31500E+02  0.31500E+02  0.31500E+02  0.31499E+02  0.31498E+02  0.31497E+02  0.31495E+02  0.31493E+02  0.31490E+02  0.31487E+02  0.31484E+02  0.31480E+02  0.31476E+02  0.31471E+02  0.31466E+02  0.31461E+02  0.31455E+02  0.31449E+02  0.31442E+02  0.31435E+02  0.31428E+02  0.31420E+02  0.31412E+02
  0.31413E+02  0.31421E+02  0.31429E+02  0.31437E+02  0.31444E+02  0.31451E+02  0.31457E+02  0.31463E+02  0.31468E+02  0.31473E+02  0.31477E+02  0.31482E+02  0.31485E+02  0.31489E+02  0.31492E+02  0.31494E+02  0.31496E+02  0.31498E+02  0.31500E+02  0.31501E+02  0.31501E+02  0.31501E+02  0.31501E+02  0.31501E+02  0.31500E+02  0.31498E+02  0.31496E+02  0.31494E+02  0.31492E+02  0.31489E+02  0.31485E+02  0.31482E+02  0.31477E+02  0.31473E+02  0.31468E+02  0.31463E+02  0.31457E+02  0.31451E+02  0.31444E+02  0.31437E+02  0.31429E+02  0.31421E+02  0.31413E+02
  0.31414E+02  0.31422E+02  0.31430E+02  0.31437E+02  0.31444E+02  0.31451E+02  0.31457E+02  0.31463E+02  0.31468E+02  0.31473E+02  0.31478E+02  0.31482E+02  0.31486E+02  0.31489E+02  0.31492E+02  0.31495E+02  0.31497E+02  0.31499E+02  0.31500E+02  0.31501E+02  0.31502E+02  0.31502E+02  0.31502E+02  0.31501E+02  0.31500E+02  0.31499E+02  0.31497E+02  0.31495E+02  0.31492E+02  0.31489E+02  0.31486E+02  0.31482E+02  0.31478E+02  0.31473E+02  0.31468E+02  0.31463E+02  0.31457E+02  0.31451E+02  0.31444E+02  0.31437E+02  0.31430E+02  0.31422E+02  0.31414E+02
  0.31413E+02  0.31421E+02  0.31429E+02  0.31437E+02  0.31444E+02  0.31451E+02  0.31457E+02  0.31463E+02  0.31468E+02  0.31473E+02  0.31477E+02  0.31482E+02  0.31485E+02  0.31489E+02  0.31492E+02  0.31494E+02  0.31496E+02  0.31498E+02  0.31500E+02  0.31501E+02  0.31501E+02  0.31501E+02  0.31501E+02  0.31501E+02  0.31500E+02  0.31498E+02  0.31496E+02  0.31494E+02  0.31492E+02  0.31489E+02  0.31485E+02  0.31482E+02  0.31477E+02  0.31473E+02  0.31468E+02  0.31463E+02  0.31457E+02  0.31451E+02  0.31444E+02  0.31437E+02  0.31429E+02  0.31421E+02  0.31413E+02
  0.31412E+02  0.31420E+02  0.31428E+02  0.31435E+02  0.31442E+02  0.31449E+02  0.31455E+02  0.31461E+02  0.31466E+02  0.31471E+02  0.31476E+02  0.31480E+02  0.31484E+02  0.31487E+02  0.31490E+02  0.31493E+02  0.31495E+02  0.31497E+02  0.31498E+02  0.31499E+02  0.31500E+02  0.31500E+02  0.31500E+02  0.31499E+02  0.31498E+02  0.31497E+02  0.31495E+02  0.31493E+02  0.31490E+02  0.31487E+02  0.31484E+02  0.31480E+02  0.31476E+02  0.31471E+02  0.31466E+02  0.31461E+02  0.31455E+02  0.31449E+02  0.31442E+02  0.31435E+02  0.31428E+02  0.31420E+02  0.31412E+02
  0.31409E+02  0.31418E+02  0.31425E+02  0.31433E+02  0.31440E+02  0.31447E+02  0.31453E+02  0.31459E+02  0.31464E+02  0.31469E+02  0.31474E+02  0.31478E+02  0.31481E+02  0.31485E+02  0.31488E+02  0.31490E+02  0.31492E+02  0.31494E+02  0.31496E+02  0.31497E+02  0.31497E+02  0.31497E+02  0.31497E+02  0.31497E+02  0.31496E+02  0.31494E+02  0.31492E+02  0.31490E+02  0.31488E+02  0.31485E+02  0.31481E+02  0.31478E+02  0.31474E+02  0.31469E+02  0.31464E+02  0.31459E+02  0.31453E+02  0.31447E+02  0.31440E+02  0.31433E+02  0.31425E+02  0.31418E+02  0.31409E+02
  0.31406E+02  0.31414E+02  0.31422E+02  0.31429E+02  0.31436E+02  0.31443E+02  0.31449E+02  0.31455E+02  0.31461E+02  0.31465E+02  0.31470E+02  0.31474E+02  0.31478E+02  0.31481E+02  0.31484E+02  0.31487E+02  0.31489E+02  0.31491E+02  0.31492E+02  0.31493E+02  0.31494E+02  0.31494E+02  0.31494E+02  0.31493E+02  0.31492E+02  0.31491E+02  0.31489E+02  0.31487E+02  0.31484E+02  0.31481E+02  0.31478E+02  0.31474E+02  0.31470E+02  0.31465E+02  0.31461E+02  0.31455E+02  0.31449E+02  0.31443E+02  0.31436E+02  0.31429E+02  0.31422E+02  0.31414E+02  0.31406E+02
  0.31401E+02  0.31410E+02  0.31418E+02  0.31425E+02  0.31432E+02  0.31439E+02  0.31445E+02  0.31451E+02  0.31456E+02  0.31461E+02  0.31466E+02  0.31470E+02  0.31474E+02  0.31477E+02  0.31480E+02  0.31482E+02  0.31485E+02  0.31486E+02  0.31488E+02  0.31489E+02  0.31489E+02  0.31490E+02  0.31489E+02  0.31489E+02  0.31488E+02  0.31486E+02  0.31485E+02  0.31482E+02  0.31480E+02  0.31477E+02  0.31474E+02  0.31470E+02  0.31466E+02  0.31461E+02  0.31456E+02  0.31451E+02  0.31445E+02  0.31439E+02  0.31432E+02  0.31425E+02  0.31418E+02  0.31410E+02  0.31401E+02
  0.31396E+02  0.31404E+02  0.31412E+02  0.31420E+02  0.31427E+02  0.31433E+02  0.31439E+02  0.31445E+02  0.31451E+02  0.31456E+02  0.31460E+02  0.31464E+02  0.31468E+02  0.31471E+02  0.31474E+02  0.31477E+02  0.31479E+02  0.31481E+02  0.31482E+02  0.31483E+02  0.31484E+02  0.31484E+02  0.31484E+02  0.31483E+02  0.31482E+02  0.31481E+02  0.31479E+02  0.31477E+02  0.31474E+02  0.31471E+02  0.31468E+02  0.31464E+02  0.31460E+02  0.31456E+02  0.31451E+02  0.31445E+02  0.31439E+02  0.31433E+02  0.31427E+02  0.31420E+02  0.31412E+02  0.31404E+02  0.31396E+02
  0.31390E+02  0.31398E+02  0.31406E+02  0.31413E+02  0.31420E+02  0.31427E+02  0.31433E+02  0.31439E+02  0.31444E+02  0.31449E+02  0.31454E+02  0.31458E+02  0.31462E+02  0.31465E+02  0.31468E+02  0.31471E+02  0.31473E+02  0.31475E+02  0.31476E+02  0.31477E+02  0.31478E+02  0.31478E+02  0.31478E+02  0.31477E+02  0.31476E+02  0.31475E+02  0.31473E+02  0.31471E+02  0.31468E+02  0.31465E+02  0.31462E+02  0.31458E+02  0.31454E+02  0.31449E+02  0.31444E+02  0.31439E+02  0.31433E+02  0.31427E+02  0.31420E+02  0.31413E+02  0.31406E+02  0.31398E+02  0.31390E+02
  0.31382E+02  0.31390E+02  0.31398E+02  0.31406E+02  0.31413E+02  0.31419E+02  0.31426E+02  0.31431E+02  0.31437E+02  0.31442E+02  0.31446E+02  0.31451E+02  0.31454E+02  0.31458E+02  0.31461E+02  0.31463E+02  0.31465E+02  0.31467E+02  0.31469E+02  0.31470E+02  0.31470E+02  0.31470E+02  0.31470E+02  0.31470E+02  0.31469E+02  0.31467E+02  0.31465E+02  0.31463E+02  0.31461E+02  0.31458E+02  0.31454E+02  0.31451E+02  0.31446E+02  0.31442E+02  0.31437E+02  0.31431E+02  0.31426E+02  0.31419E+02  0.31413E+02  0.31406E+02  0.31398E+02  0.31390E+02  0.31382E+02
  0.31374E+02  0.31382E+02  0.31390E+02  0.31397E+02  0.31404E+02  0.31411E+02  0.31417E+02  0.31423E+02  0.31428E+02  0.31433E+02  0.31438E+02  0.31442E+02  0.31446E+02  0.31449E+02  0.31452E+02  0.31455E+02  0.31457E+02  0.31459E+02  0.31460E+02  0.31461E+02  0.31462E+02  0.31462E+02  0.31462E+02  0.31461E+02  0.31460E+02  0.31459E+02  0.31457E+02  0.31455E+02  0.31452E+02  0.31449E+02  0.31446E+02  0.31442E+02  0.31438E+02  0.31433E+02  0.31428E+02  0.31423E+02  0.31417E+02  0.31411E+02  0.31404E+02  0.31397E+02  0.31390E+02  0.31382E+02  0.31374E+02
  0.31364E+02  0.31373E+02  0.31381E+02  0.31388E+02  0.31395E+02  0.31402E+02  0.31408E+02  0.31414E+02  0.31419E+02  0.31424E+02  0.31429E+02  0.31433E+02  0.31437E+02  0.31440E+02  0.31443E+02  0.31445E+02  0.31448E+02  0.31449E+02  0.31451E+02  0.31452E+02  0.31452E+02  0.31452E+02  0.31452E+02  0.31452E+02  0.31451E+02  0.31449E+02  0.31448E+02  0.31445E+02  0.31443E+02  0.31440E+02  0.31437E+02  0.31433E+02  0.31429E+02  0.31424E+02  0.31419E+02  0.31414E+02  0.31408E+02  0.31402E+02  0.31395E+02  0.31388E+02  0.31381E+02  0.31373E+02  0.31364E+02
  0.31354E+02  0.31362E+02  0.31370E+02  0.31378E+02  0.31385E+02  0.31391E+02  0.31398E+02  0.31403E+02  0.31409E+02  0.31414E+02  0.31418E+02  0.31422E+02  0.31426E+02  0.31430E+02  0.31432E+02  0.31435E+02  0.31437E+02  0.31439E+02  0.31440E+02  0.31441E+02  0.31442E+02  0.31442E+02  0.31442E+02  0.31441E+02  0.31440E+02  0.31439E+02  0.31437E+02  0.31435E+02  0.31432E+02  0.31430E+02  0.31426E+02  0.31422E+02  0.31418E+02  0.31414E+02  0.31409E+02  0.31403E+02  0.31398E+02  0.31391E+02  0.31385E+02  0.31378E+02  0.31370E+02  0.31362E+02  0.31354E+02
  0.31343E+02  0.31351E+02  0.31359E+02  0.31366E+02  0.31373E+02  0.31380E+02  0.31386E+02  0.31392E+02  0.31397E+02  0.31402E+02  0.31407E+02  0.31411E+02  0.31415E+02  0.31418E+02  0.31421E+02  0.31424E+02  0.31426E+02  0.31428E+02  0.31429E+02  0.31430E+02  0.31430E+02  0.31431E+02  0.31430E+02  0.31430E+02  0.31429E+02  0.31428E+02  0.31426E+02  0.31424E+02  0.31421E+02  0.31418E+02  0.31415E+02  0.31411E+02  0.31407E+02  0.31402E+02  0.31397E+02  0.31392E+02  0.31386E+02  0.31380E+02  0.31373E+02  0.31366E+02  0.31359E+02  0.31351E+02  0.31343E+02
  0.31330E+02  0.31339E+02  0.31346E+02  0.31354E+02  0.31361E+02  0.31368E+02  0.31374E+02  0.31380E+02  0.31385E+02  0.31390E+02  0.31394E+02  0.31399E+02  0.31402E+02  0.31406E+02  0.31409E+02  0.31411E+02  0.31413E+02  0.31415E+02  0.31416E+02  0.31417E+02  0.31418E+02  0.31418E+02  0.31418E+02  0.31417E+02  0.31416E+02  0.31415E+02  0.31413E+02  0.31411E+02  0.31409E+02  0.31406E+02  0.31402E+02  0.31399E+02  0.31394E+02  0.31390E+02  0.31385E+02  0.31380E+02  0.31374E+02  0.31368E+02  0.31361E+02  0.31354E+02  0.31346E+02  0.31339E+02  0.31330E+02
  0.31317E+02  0.31325E+02  0.31333E+02  0.31341E+02  0.31348E+02  0.31354E+02  0.31360E+02  0.31366E+02  0.31371E+02  0.31376E+02  0.31381E+02  0.31385E+02  0.31389E+02  0.31392E+02  0.31395E+02  0.31398E+02  0.31400E+02  0.31402E+02  0.31403E+02  0.31404E+02  0.31405E+02  0.31405E+02  0.31405E+02  0.31404E+02  0.31403E+02  0.31402E+02  0.31400E+02  0.31398E+02  0.31395E+02  0.31392E+02  0.31389E+02  0.31385E+02  0.31381E+02  0.31376E+02  0.31371E+02  0.31366E+02  0.31360E+02  0.31354E+02  0.31348E+02  0.31341E+02  0.31333E+02  0.31325E+02  0.31317E+02
  0.31303E+02  0.31311E+02  0.31319E+02  0.31326E+02  0.31333E+02  0.31340E+02  0.31346E+02  0.31352E+02  0.31357E+02  0.31362E+02  0.31367E+02  0.31371E+02  0.31374E+02  0.31378E+02  0.31381E+02  0.31383E+02  0.31385E+02  0.31387E+02  0.31389E+02  0.31390E+02  0.31390E+02  0.31390E+02  0.31390E+02  0.31390E+02  0.31389E+02  0.31387E+02  0.31385E+02  0.31383E+02  0.31381E+02  0.31378E+02  0.31374E+02  0.31371E+02  0.31367E+02  0.31362E+02  0.31357E+02  0.31352E+02  0.31346E+02  0.31340E+02  0.31333E+02  0.31326E+02  0.31319E+02  0.31311E+02  0.31303E+02
  0.31287E+02  0.31295E+02  0.31303E+02  0.31311E+02  0.31318E+02  0.31324E+02  0.31330E+02  0.31336E+02  0.31342E+02  0.31347E+02  0.31351E+02  0.31355E+02  0.31359E+02  0.31362E+02  0.31365E+02  0.31368E+02  0.31370E+02  0.31372E+02  0.31373E+02  0.31374E+02  0.31375E+02  0.31375E+02  0.31375E+02  0.31374E+02  0.31373E+02  0.31372E+02  0.31370E+02  0.31368E+02  0.31365E+02  0.31362E+02  0.31359E+02  0.31355E+02  0.31351E+02  0.31347E+02  0.31342E+02  0.31336E+02  0.31330E+02  0.31324E+02  0.31318E+02  0.31311E+02  0.31303E+02  0.31295E+02  0.31287E+02
  0.31271E+02  0.31279E+02  0.31287E+02  0.31294E+02  0.31301E+02  0.31308E+02  0.31314E+02  0.31320E+02  0.31325E+02  0.31330E+02  0.31335E+02  0.31339E+02  0.31342E+02  0.31346E+02  0.31349E+02  0.31351E+02  0.31354E+02  0.31355E+02  0.31357E+02  0.31358E+02  0.31358E+02  0.31358E+02  0.31358E+02  0.31358E+02  0.31357E+02  0.31355E+02  0.31354E+02  0.31351E+02  0.31349E+02  0.31346E+02  0.31342E+02  0.31339E+02  0.31335E+02  0.31330E+02  0.31325E+02  0.31320E+02  0.31314E+02  0.31308E+02  0.31301E+02  0.31294E+02  0.31287E+02  0.31279E+02  0.31271E+02
  0.31253E+02  0.31262E+02  0.31269E+02  0.31277E+02  0.31284E+02  0.31290E+02  0.31297E+02  0.31302E+02  0.31308E+02  0.31313E+02  0.31317E+02  0.31321E+02  0.31325E+02  0.31328E+02  0.31331E+02  0.31334E+02  0.31336E+02  0.31338E+02  0.31339E+02  0.31340E+02  0.31341E+02  0.31341E+02  0.31341E+02  0.31340E+02  0.31339E+02  0.31338E+02  0.31336E+02  0.31334E+02  0.31331E+02  0.31328E+02  0.31325E+02  0.31321E+02  0.31317E+02  0.31313E+02  0.31308E+02  0.31302E+02  0.31297E+02  0.31290E+02  0.31284E+02  0.31277E+02  0.31269E+02  0.31262E+02  0.31253E+02
  0.31235E+02  0.31243E+02  0.31251E+02  0.31258E+02  0.31265E+02  0.31272E+02  0.31278E+02  0.31284E+02  0.31289E+02  0.31294E+02  0.31299E+02  0.31303E+02  0.31306E+02  0.31310E+02  0.31313E+02  0.31315E+02  0.31317E+02  0.31319E+02  0.31321E+02  0.31321E+02  0.31322E+02  0.31322E+02  0.31322E+02  0.31321E+02  0.31321E+02  0.31319E+02  0.31317E+02  0.31315E+02  0.31313E+02  0.31310E+02  0.31306E+02  0.31303E+02  0.31299E+02  0.31294E+02  0.31289E+02  0.31284E+02  0.31278E+02  0.31272E+02  0.31265E+02  0.31258E+02  0.31251E+02  0.31243E+02  0.31235E+02
  0.31215E+02  0.31223E+02  0.31231E+02  0.31239E+02  0.31246E+02  0.31252E+02  0.31258E+02  0.31264E+02  0.31269E+02  0.31274E+02  0.31279E+02  0.31283E+02  0.31287E+02  0.31290E+02  0.31293E+02  0.31296E+02  0.31298E+02  0.31300E+02  0.31301E+02  0.31302E+02  0.31302E+02  0.31303E+02  0.31302E+02  0.31302E+02  0.31301E+02  0.31300E+02  0.31298E+02  0.31296E+02  0.31293E+02  0.31290E+02  0.31287E+02  0.31283E+02  0.31279E+02  0.31274E+02  0.31269E+02  0.31264E+02  0.31258E+02  0.31252E+02  0.31246E+02  0.31239E+02  0.31231E+02  0.31223E+02  0.31215E+02
  0.31195E+02  0.31203E+02  0.31211E+02  0.31218E+02  0.31225E+02  0.31232E+02  0.31238E+02  0.31243E+02  0.31249E+02  0.31254E+02  0.31258E+02  0.31262E+02  0.31266E+02  0.31269E+02  0.31272E+02  0.31275E+02  0.31277E+02  0.31279E+02  0.31280E+02  0.31281E+02  0.31282E+02  0.31282E+02  0.31282E+02  0.31281E+02  0.31280E+02  0.31279E+02  0.31277E+02  0.31275E+02  0.31272E+02  0.31269E+02  0.31266E+02  0.31262E+02  0.31258E+02  0.31254E+02  0.31249E+02  0.31243E+02  0.31238E+02  0.31232E+02  0.31225E+02  0.31218E+02  0.31211E+02  0.31203E+02  0.31195E+02
